_id,FH_INSTRUMENT,FH_SYMBOL,FH_EXPIRY_DT,FH_STRIKE_PRICE,FH_OPTION_TYPE,FH_MARKET_TYPE,FH_OPENING_PRICE,FH_TRADE_HIGH_PRICE,FH_TRADE_LOW_PRICE,FH_CLOSING_PRICE,FH_LAST_TRADED_PRICE,FH_PREV_CLS,FH_SETTLE_PRICE,FH_TOT_TRADED_QTY,FH_TOT_TRADED_VAL,FH_OPEN_INT,FH_CHANGE_IN_OI,FH_MARKET_LOT,FH_TIMESTAMP,FH_UNDERLYING_VALUE,TIMESTAMP
642f0864e2684b2e0147bf55,FUTSTK,SBIN,27-Jan-2022,0.0,XX,N,462.9,473.65,461.3,472.05,472.75,461.8,472.05,23650500,11079501675.0,95397000,-2095500.0,1500,03-Jan-2022,470.8,2022-01-02T18:30:00.000Z
642f0a65e2684b2e01e40c59,FUTSTK,SBIN,27-Jan-2022,0.0,XX,N,473.45,485.3,471.95,484.45,484.6,472.05,484.45,33499500,16100110725.0,91782000,-3615000.0,1500,04-Jan-2022,483.5,2022-01-03T18:30:00.000Z
642f09f0e2684b2e01c17939,FUTSTK,SBIN,27-Jan-2022,0.0,XX,N,483.35,496.65,480.45,493.1,492.6,484.45,493.1,32556000,15972974100.0,90967500,-814500.0,1500,05-Jan-2022,492.4,2022-01-04T18:30:00.000Z
642f0af8e2684b2e010fb75c,FUTSTK,SBIN,27-Jan-2022,0.0,XX,N,486.95,496.5,486.85,492.95,492.5,493.1,492.95,24841500,12213984375.0,90093000,-874500.0,1500,06-Jan-2022,491.7,2022-01-05T18:30:00.000Z
642f0afae2684b2e01106a11,FUTSTK,SBIN,27-Jan-2022,0.0,XX,N,493.75,503.45,490.45,493.4,493.0,492.95,493.4,30078000,14948983875.0,90403500,310500.0,1500,07-Jan-2022,491.25,2022-01-06T18:30:00.000Z
642f092fe2684b2e0186ed52,FUTSTK,SBIN,27-Jan-2022,0.0,XX,N,493.45,506.65,493.45,505.6,506.5,493.4,505.6,24595500,12332812725.0,90244500,-159000.0,1500,10-Jan-2022,503.65,2022-01-09T18:30:00.000Z
642f0989e2684b2e01a2fbef,FUTSTK,SBIN,27-Jan-2022,0.0,XX,N,504.25,509.2,501.2,506.6,506.85,505.6,506.6,19198500,9706721325.0,89902500,-342000.0,1500,11-Jan-2022,505.95,2022-01-10T18:30:00.000Z
642f098de2684b2e01a42973,FUTSTK,SBIN,27-Jan-2022,0.0,XX,N,509.9,514.0,509.3,510.8,510.4,506.6,510.8,16315500,8349872700.0,87987000,-1915500.0,1500,12-Jan-2022,510.25,2022-01-11T18:30:00.000Z
642f0b02e2684b2e011253c7,FUTSTK,SBIN,27-Jan-2022,0.0,XX,N,511.1,514.5,508.45,512.2,512.05,510.8,512.2,13725000,7025652375.0,87667500,-319500.0,1500,13-Jan-2022,511.35,2022-01-12T18:30:00.000Z
642f0934e2684b2e018885e7,FUTSTK,SBIN,27-Jan-2022,0.0,XX,N,510.25,511.0,506.35,510.0,509.55,512.2,510.0,12312000,6263016000.0,87013500,-654000.0,1500,14-Jan-2022,508.35,2022-01-13T18:30:00.000Z
642f0935e2684b2e0188eb77,FUTSTK,SBIN,27-Jan-2022,0.0,XX,N,509.1,519.4,508.4,514.85,515.15,510.0,514.85,28318500,14611535475.0,83080500,-3933000.0,1500,17-Jan-2022,514.0,2022-01-16T18:30:00.000Z
642f0868e2684b2e0148d3d7,FUTSTK,SBIN,27-Jan-2022,0.0,XX,N,514.35,519.0,505.65,507.85,509.0,514.85,507.85,23001000,11806967925.0,82764000,-316500.0,1500,18-Jan-2022,506.8,2022-01-17T18:30:00.000Z
642f0a69e2684b2e01e53782,FUTSTK,SBIN,27-Jan-2022,0.0,XX,N,505.0,518.2,500.7,516.55,516.25,507.85,516.55,31210500,15906614175.0,83248500,484500.0,1500,19-Jan-2022,515.8,2022-01-18T18:30:00.000Z
642f098fe2684b2e01a4da13,FUTSTK,SBIN,27-Jan-2022,0.0,XX,N,516.35,519.6,508.2,512.75,512.6,516.55,512.75,26457000,13612038150.0,78646500,-4602000.0,1500,20-Jan-2022,511.4,2022-01-19T18:30:00.000Z
642f086ce2684b2e014a24e6,FUTSTK,SBIN,27-Jan-2022,0.0,XX,N,507.55,507.85,498.05,503.2,504.6,512.75,503.2,28714500,14462912925.0,69990000,-8656500.0,1500,21-Jan-2022,502.7,2022-01-20T18:30:00.000Z
642f0b04e2684b2e0112d167,FUTSTK,SBIN,27-Jan-2022,0.0,XX,N,502.25,506.45,487.5,494.0,493.0,503.2,494.0,46270500,23023474125.0,46018500,-23971500.0,1500,24-Jan-2022,494.15,2022-01-23T18:30:00.000Z
642f0a6ae2684b2e01e57eb9,FUTSTK,SBIN,27-Jan-2022,0.0,XX,N,490.25,517.2,488.4,514.3,513.65,494.0,514.3,51747000,26246865300.0,19039500,-26979000.0,1500,25-Jan-2022,514.65,2022-01-24T18:30:00.000Z
642f0b08e2684b2e0113f3c3,FUTSTK,SBIN,27-Jan-2022,0.0,XX,N,504.2,530.4,504.2,527.45,529.1,514.3,528.95,37077000,19239104925.0,7303500,-11736000.0,1500,27-Jan-2022,528.95,2022-01-26T18:30:00.000Z
642f093ae2684b2e018a47e8,FUTSTK,SBIN,24-Feb-2022,0.0,XX,N,534.25,537.7,522.15,524.1,524.4,530.4,524.1,36664500,19440839250.0,83419500,-2584500.0,1500,28-Jan-2022,523.45,2022-01-27T18:30:00.000Z
642f0995e2684b2e01a63dff,FUTSTK,SBIN,24-Feb-2022,0.0,XX,N,528.0,541.65,527.95,538.9,538.95,524.1,538.9,32991000,17685789525.0,81885000,-1534500.0,1500,31-Jan-2022,538.3,2022-01-30T18:30:00.000Z
642f086ee2684b2e014addf7,FUTSTK,SBIN,24-Feb-2022,0.0,XX,N,540.1,544.0,520.85,534.6,534.9,538.9,534.6,55099500,29458015725.0,84231000,2346000.0,1500,01-Feb-2022,532.3,2022-01-31T18:30:00.000Z
642f0998e2684b2e01a7067c,FUTSTK,SBIN,24-Feb-2022,0.0,XX,N,538.5,546.4,532.65,542.1,542.05,534.6,542.1,33172500,17891100900.0,86218500,1987500.0,1500,02-Feb-2022,539.8,2022-02-01T18:30:00.000Z
642f0a72e2684b2e01e7709a,FUTSTK,SBIN,24-Feb-2022,0.0,XX,N,539.95,546.9,539.15,541.55,540.7,542.1,541.55,28455000,15450901425.0,87066000,847500.0,1500,03-Feb-2022,540.1,2022-02-02T18:30:00.000Z
642f09f3e2684b2e01c24d03,FUTSTK,SBIN,24-Feb-2022,0.0,XX,N,543.15,547.35,527.6,531.1,530.4,541.55,531.1,49759500,26695855125.0,86562000,-504000.0,1500,04-Feb-2022,530.3,2022-02-03T18:30:00.000Z
642f0a79e2684b2e01e9a740,FUTSTK,SBIN,24-Feb-2022,0.0,XX,N,532.0,549.75,525.55,533.85,533.45,531.1,533.85,80728500,43500134550.0,85230000,-1332000.0,1500,07-Feb-2022,533.25,2022-02-06T18:30:00.000Z
642f0a76e2684b2e01e89a99,FUTSTK,SBIN,24-Feb-2022,0.0,XX,N,536.15,537.7,519.25,532.45,532.05,533.85,532.45,41812500,22079313450.0,82351500,-2878500.0,1500,08-Feb-2022,531.35,2022-02-07T18:30:00.000Z
642f093ee2684b2e018b8f36,FUTSTK,SBIN,24-Feb-2022,0.0,XX,N,535.05,536.6,528.35,535.8,536.1,532.45,535.8,18963000,10112994000.0,80611500,-1740000.0,1500,09-Feb-2022,535.25,2022-02-08T18:30:00.000Z
642f093fe2684b2e018c2db7,FUTSTK,SBIN,24-Feb-2022,0.0,XX,N,537.0,544.4,534.65,540.9,540.2,535.8,540.9,26580000,14374134675.0,79713000,-898500.0,1500,10-Feb-2022,540.55,2022-02-09T18:30:00.000Z
642f099ee2684b2e01a8a061,FUTSTK,SBIN,24-Feb-2022,0.0,XX,N,536.1,538.15,526.95,529.0,528.2,540.9,529.0,22957500,12223321650.0,77985000,-1728000.0,1500,11-Feb-2022,529.6,2022-02-10T18:30:00.000Z
642f09f5e2684b2e01c2fef2,FUTSTK,SBIN,24-Feb-2022,0.0,XX,N,514.9,516.6,499.4,501.0,500.0,529.0,501.0,33663000,17116985025.0,77242500,-742500.0,1500,14-Feb-2022,501.4,2022-02-13T18:30:00.000Z
642f08c7e2684b2e01670698,FUTSTK,SBIN,24-Feb-2022,0.0,XX,N,501.95,526.25,496.95,524.8,525.05,501.0,524.8,39648000,20262041700.0,69969000,-7273500.0,1500,15-Feb-2022,524.8,2022-02-14T18:30:00.000Z
642f0a7be2684b2e01ea2165,FUTSTK,SBIN,24-Feb-2022,0.0,XX,N,528.2,528.2,514.65,516.4,515.0,524.8,516.4,25014000,13011521925.0,67921500,-2047500.0,1500,16-Feb-2022,516.7,2022-02-15T18:30:00.000Z
642f0a7fe2684b2e01eb7dfd,FUTSTK,SBIN,24-Feb-2022,0.0,XX,N,518.1,519.75,510.8,512.45,511.1,516.4,512.45,23311500,12003872925.0,65803500,-2118000.0,1500,17-Feb-2022,512.95,2022-02-16T18:30:00.000Z
642f0946e2684b2e018e269d,FUTSTK,SBIN,24-Feb-2022,0.0,XX,N,510.75,521.0,510.1,514.85,515.0,512.45,514.85,20712000,10681272450.0,62997000,-2806500.0,1500,18-Feb-2022,515.3,2022-02-17T18:30:00.000Z
642f099fe2684b2e01a919fb,FUTSTK,SBIN,24-Feb-2022,0.0,XX,N,510.2,517.75,504.85,511.25,511.4,514.85,511.25,28509000,14588639100.0,52908000,-10089000.0,1500,21-Feb-2022,511.85,2022-02-20T18:30:00.000Z
642f0873e2684b2e014c9782,FUTSTK,SBIN,24-Feb-2022,0.0,XX,N,500.5,505.95,495.3,499.0,498.2,511.25,499.0,42193500,21116270475.0,36544500,-16363500.0,1500,22-Feb-2022,498.4,2022-02-21T18:30:00.000Z
642f08cbe2684b2e0168505e,FUTSTK,SBIN,24-Feb-2022,0.0,XX,N,502.95,505.3,497.45,498.65,497.8,499.0,498.65,25737000,12889002675.0,22786500,-13758000.0,1500,23-Feb-2022,498.7,2022-02-22T18:30:00.000Z
642f0949e2684b2e018f00ce,FUTSTK,SBIN,24-Feb-2022,0.0,XX,N,484.75,487.55,466.8,472.85,468.5,498.65,472.65,40554000,19481648850.0,8296500,-14490000.0,1500,24-Feb-2022,472.65,2022-02-23T18:30:00.000Z
642f09fae2684b2e01c49538,FUTSTK,SBIN,31-Mar-2022,0.0,XX,N,476.5,491.7,476.5,482.25,482.6,471.8,482.25,26701500,12951667350.0,71019000,988500.0,1500,25-Feb-2022,482.95,2022-02-24T18:30:00.000Z
642f0ac5e2684b2e01002565,FUTSTK,SBIN,31-Mar-2022,0.0,XX,N,476.25,484.5,473.0,483.55,483.6,482.25,483.55,20979000,10060435200.0,71793000,774000.0,1500,28-Feb-2022,483.2,2022-02-27T18:30:00.000Z
642f0b0de2684b2e011560e9,FUTSTK,SBIN,31-Mar-2022,0.0,XX,N,476.4,479.65,466.45,475.0,475.9,483.55,475.0,28101000,13293474525.0,72279000,486000.0,1500,02-Mar-2022,474.25,2022-03-01T18:30:00.000Z
642f0a81e2684b2e01ec05b4,FUTSTK,SBIN,31-Mar-2022,0.0,XX,N,478.1,483.0,464.85,468.65,468.15,475.0,468.65,22678500,10686582075.0,72832500,553500.0,1500,03-Mar-2022,467.4,2022-03-02T18:30:00.000Z
642f0874e2684b2e014d1920,FUTSTK,SBIN,31-Mar-2022,0.0,XX,N,461.1,472.3,458.05,462.75,462.95,468.65,462.75,24138000,11230121400.0,71761500,-1071000.0,1500,04-Mar-2022,461.95,2022-03-03T18:30:00.000Z
642f0ac9e2684b2e01016ce1,FUTSTK,SBIN,31-Mar-2022,0.0,XX,N,448.3,453.85,434.5,441.8,442.15,462.75,441.8,34192500,15103720050.0,74473500,2712000.0,1500,07-Mar-2022,440.3,2022-03-06T18:30:00.000Z
642f09a4e2684b2e01aaa8e6,FUTSTK,SBIN,31-Mar-2022,0.0,XX,N,439.85,443.9,425.8,442.05,441.6,441.8,442.05,40114500,17491243800.0,79975500,5502000.0,1500,08-Mar-2022,440.3,2022-03-07T18:30:00.000Z
642f09a9e2684b2e01ac1fc0,FUTSTK,SBIN,31-Mar-2022,0.0,XX,N,443.0,454.7,439.15,452.25,452.8,442.05,452.25,30562500,13644439350.0,79452000,-523500.0,1500,09-Mar-2022,451.7,2022-03-08T18:30:00.000Z
642f08d0e2684b2e0169a8dc,FUTSTK,SBIN,31-Mar-2022,0.0,XX,N,469.5,476.9,462.05,468.9,466.85,452.25,468.9,43179000,20293404750.0,73863000,-5589000.0,1500,10-Mar-2022,468.7,2022-03-09T18:30:00.000Z
642f0878e2684b2e014e40ef,FUTSTK,SBIN,31-Mar-2022,0.0,XX,N,465.8,475.3,462.5,471.1,471.95,468.9,471.1,23181000,10909484475.0,73093500,-769500.0,1500,11-Mar-2022,470.35,2022-03-10T18:30:00.000Z
642f094be2684b2e018fba91,FUTSTK,SBIN,31-Mar-2022,0.0,XX,N,471.15,487.6,470.85,485.8,486.45,471.1,485.8,29872500,14357382675.0,68821500,-4272000.0,1500,14-Mar-2022,485.15,2022-03-13T18:30:00.000Z
642f087be2684b2e014f579e,FUTSTK,SBIN,31-Mar-2022,0.0,XX,N,488.25,490.55,480.55,485.65,484.5,485.8,485.65,23277000,11304123375.0,65568000,-3253500.0,1500,15-Mar-2022,485.85,2022-03-14T18:30:00.000Z
642f09fce2684b2e01c537dd,FUTSTK,SBIN,31-Mar-2022,0.0,XX,N,490.4,495.4,490.1,494.05,493.35,485.65,494.05,15711000,7746126525.0,64120500,-1447500.0,1500,16-Mar-2022,492.75,2022-03-15T18:30:00.000Z
642f0b0fe2684b2e011601ca,FUTSTK,SBIN,31-Mar-2022,0.0,XX,N,498.95,503.85,498.8,502.0,501.55,494.05,502.0,20724000,10397068725.0,59874000,-4246500.0,1500,17-Mar-2022,501.9,2022-03-16T18:30:00.000Z
642f0ac9e2684b2e010195a0,FUTSTK,SBIN,31-Mar-2022,0.0,XX,N,503.0,503.25,490.75,492.75,492.0,502.0,492.75,17389500,8608591425.0,60465000,591000.0,1500,21-Mar-2022,490.6,2022-03-20T18:30:00.000Z
642f0880e2684b2e0150bd51,FUTSTK,SBIN,31-Mar-2022,0.0,XX,N,491.8,497.55,479.15,495.8,497.15,492.75,495.8,28758000,14060792775.0,58803000,-1662000.0,1500,22-Mar-2022,493.7,2022-03-21T18:30:00.000Z
642f0b14e2684b2e0117d425,FUTSTK,SBIN,31-Mar-2022,0.0,XX,N,498.55,503.1,489.85,491.5,490.0,495.8,491.5,21097500,10458971325.0,60127500,1324500.0,1500,23-Mar-2022,490.65,2022-03-22T18:30:00.000Z
642f0884e2684b2e0151e856,FUTSTK,SBIN,31-Mar-2022,0.0,XX,N,486.7,496.3,484.3,488.75,488.25,491.5,488.75,21154500,10384372200.0,58044000,-2083500.0,1500,24-Mar-2022,487.1,2022-03-23T18:30:00.000Z
642f08d4e2684b2e016aee93,FUTSTK,SBIN,31-Mar-2022,0.0,XX,N,489.35,494.5,487.45,492.3,493.3,488.75,492.3,17964000,8820439425.0,54916500,-3127500.0,1500,25-Mar-2022,490.7,2022-03-24T18:30:00.000Z
642f0acfe2684b2e010362b7,FUTSTK,SBIN,31-Mar-2022,0.0,XX,N,492.3,500.2,483.25,499.2,499.7,492.3,499.2,32286000,15904207875.0,44253000,-10663500.0,1500,28-Mar-2022,497.5,2022-03-27T18:30:00.000Z
642f0b15e2684b2e01180eed,FUTSTK,SBIN,31-Mar-2022,0.0,XX,N,500.1,502.0,492.45,496.15,496.65,499.2,496.15,22731000,11295052800.0,35983500,-8269500.0,1500,29-Mar-2022,495.0,2022-03-28T18:30:00.000Z
642f0ad3e2684b2e01046631,FUTSTK,SBIN,31-Mar-2022,0.0,XX,N,498.7,500.7,493.65,495.6,494.3,496.15,495.6,24669000,12287135550.0,25473000,-10510500.0,1500,30-Mar-2022,494.3,2022-03-29T18:30:00.000Z
642f09ffe2684b2e01c60734,FUTSTK,SBIN,31-Mar-2022,0.0,XX,N,493.65,497.5,492.25,493.95,494.3,495.6,493.55,29115000,14406119625.0,6991500,-18481500.0,1500,31-Mar-2022,493.55,2022-03-30T18:30:00.000Z
642f08d6e2684b2e016b78a6,FUTSTK,SBIN,28-Apr-2022,0.0,XX,N,494.8,511.6,493.6,510.65,510.85,496.1,510.65,30042000,15184025925.0,66408000,-1680000.0,1500,01-Apr-2022,508.2,2022-03-31T18:30:00.000Z
642f0b1be2684b2e0119e6f3,FUTSTK,SBIN,28-Apr-2022,0.0,XX,N,511.5,517.55,507.95,514.95,514.9,510.65,514.95,27057000,13890901650.0,66333000,-75000.0,1500,04-Apr-2022,512.4,2022-04-03T18:30:00.000Z
642f0a86e2684b2e01ed6a6a,FUTSTK,SBIN,28-Apr-2022,0.0,XX,N,515.85,518.7,509.25,510.6,509.4,514.95,510.6,21720000,11162467425.0,65724000,-609000.0,1500,05-Apr-2022,509.4,2022-04-04T18:30:00.000Z
642f0950e2684b2e0190dc84,FUTSTK,SBIN,28-Apr-2022,0.0,XX,N,506.2,518.0,506.2,516.1,514.8,510.6,516.1,23047500,11817609825.0,64201500,-1522500.0,1500,06-Apr-2022,513.95,2022-04-05T18:30:00.000Z
642f0888e2684b2e015354e3,FUTSTK,SBIN,28-Apr-2022,0.0,XX,N,512.95,522.85,512.65,517.85,519.5,516.1,517.85,30936000,16015279050.0,67947000,3745500.0,1500,07-Apr-2022,514.95,2022-04-06T18:30:00.000Z
642f0b1ee2684b2e011abcac,FUTSTK,SBIN,28-Apr-2022,0.0,XX,N,518.6,520.35,514.0,518.9,519.15,517.85,518.9,21996000,11392911150.0,70236000,2289000.0,1500,08-Apr-2022,516.1,2022-04-07T18:30:00.000Z
642f0a88e2684b2e01ee57c4,FUTSTK,SBIN,28-Apr-2022,0.0,XX,N,515.0,523.9,514.65,517.15,517.45,518.9,517.15,17295000,8996170950.0,69319500,-916500.0,1500,11-Apr-2022,514.9,2022-04-10T18:30:00.000Z
642f0955e2684b2e01925c3b,FUTSTK,SBIN,28-Apr-2022,0.0,XX,N,513.3,518.25,506.1,514.45,513.95,517.15,514.45,20331000,10400046075.0,68898000,-421500.0,1500,12-Apr-2022,512.85,2022-04-11T18:30:00.000Z
642f0a04e2684b2e01c7936f,FUTSTK,SBIN,28-Apr-2022,0.0,XX,N,515.4,522.15,514.6,518.3,518.65,514.45,518.3,23224500,12027985425.0,65959500,-2938500.0,1500,13-Apr-2022,517.7,2022-04-12T18:30:00.000Z
642f0889e2684b2e0153a3cf,FUTSTK,SBIN,28-Apr-2022,0.0,XX,N,510.75,515.75,504.45,511.05,511.55,518.3,511.05,19672500,10031743125.0,66315000,355500.0,1500,18-Apr-2022,509.5,2022-04-17T18:30:00.000Z
642f0b1fe2684b2e011b2ea1,FUTSTK,SBIN,28-Apr-2022,0.0,XX,N,512.35,522.25,505.1,510.4,505.85,511.05,510.4,25398000,13095809700.0,63084000,-3231000.0,1500,19-Apr-2022,511.8,2022-04-18T18:30:00.000Z
642f0a07e2684b2e01c88a0d,FUTSTK,SBIN,28-Apr-2022,0.0,XX,N,512.0,513.9,506.75,509.65,509.75,510.4,509.65,17190000,8776345200.0,62131500,-952500.0,1500,20-Apr-2022,509.3,2022-04-19T18:30:00.000Z
642f0b25e2684b2e011ce16a,FUTSTK,SBIN,28-Apr-2022,0.0,XX,N,513.35,519.6,512.45,518.0,518.75,509.65,518.0,17797500,9181136400.0,58852500,-3279000.0,1500,21-Apr-2022,516.3,2022-04-20T18:30:00.000Z
642f088ee2684b2e015525d1,FUTSTK,SBIN,28-Apr-2022,0.0,XX,N,512.05,514.7,498.6,500.35,498.95,518.0,500.35,27240000,13764828750.0,56164500,-2688000.0,1500,22-Apr-2022,500.6,2022-04-21T18:30:00.000Z
642f0956e2684b2e0192d8f6,FUTSTK,SBIN,28-Apr-2022,0.0,XX,N,495.8,498.55,489.7,494.6,495.45,500.35,494.6,24205500,11971078650.0,50151000,-6013500.0,1500,25-Apr-2022,494.75,2022-04-24T18:30:00.000Z
642f0a8be2684b2e01ef33a6,FUTSTK,SBIN,28-Apr-2022,0.0,XX,N,498.15,507.8,498.15,506.45,506.05,494.6,506.45,21691500,10939490175.0,41110500,-9040500.0,1500,26-Apr-2022,505.5,2022-04-25T18:30:00.000Z
642f08dae2684b2e016ca167,FUTSTK,SBIN,28-Apr-2022,0.0,XX,N,501.1,503.45,491.9,497.95,498.5,506.45,497.95,21576000,10724706825.0,29470500,-11640000.0,1500,27-Apr-2022,497.25,2022-04-26T18:30:00.000Z
642f08e0e2684b2e016e6330,FUTSTK,SBIN,28-Apr-2022,0.0,XX,N,499.25,509.5,496.0,506.35,508.9,497.95,507.5,32449500,16291891725.0,7111500,-22359000.0,1500,28-Apr-2022,507.5,2022-04-27T18:30:00.000Z
642f0ad7e2684b2e010597f0,FUTSTK,SBIN,26-May-2022,0.0,XX,N,509.1,513.35,494.8,497.55,496.0,506.75,497.55,21093000,10645402200.0,54244500,2010000.0,1500,29-Apr-2022,496.3,2022-04-28T18:30:00.000Z
642f0b27e2684b2e011d6757,FUTSTK,SBIN,26-May-2022,0.0,XX,N,493.25,496.4,483.05,492.4,492.3,497.55,492.4,20041500,9807301200.0,55437000,1192500.0,1500,02-May-2022,491.0,2022-05-01T18:30:00.000Z
642f09aae2684b2e01ac7324,FUTSTK,SBIN,26-May-2022,0.0,XX,N,493.15,497.5,476.6,479.3,478.85,492.4,479.3,24348000,11855970300.0,57292500,1855500.0,1500,04-May-2022,479.65,2022-05-03T18:30:00.000Z
642f095ae2684b2e0193f9df,FUTSTK,SBIN,26-May-2022,0.0,XX,N,484.15,495.5,478.45,479.55,479.2,479.3,479.55,25254000,12307703925.0,57120000,-172500.0,1500,05-May-2022,480.0,2022-05-04T18:30:00.000Z
642f0a91e2684b2e01f11d8a,FUTSTK,SBIN,26-May-2022,0.0,XX,N,473.3,482.8,471.0,480.7,482.5,479.55,480.7,33552000,16005968325.0,55071000,-2049000.0,1500,06-May-2022,483.95,2022-05-05T18:30:00.000Z
642f088fe2684b2e015592d0,FUTSTK,SBIN,26-May-2022,0.0,XX,N,476.95,481.6,471.2,475.1,475.65,480.7,475.1,19504500,9271883400.0,54643500,-427500.0,1500,09-May-2022,475.9,2022-05-08T18:30:00.000Z
642f0b2ae2684b2e011e444a,FUTSTK,SBIN,26-May-2022,0.0,XX,N,476.5,480.75,470.05,471.5,471.0,475.1,471.5,17830500,8472589950.0,55017000,373500.0,1500,10-May-2022,475.2,2022-05-09T18:30:00.000Z
642f09afe2684b2e01adf026,FUTSTK,SBIN,26-May-2022,0.0,XX,N,472.15,476.2,462.7,474.75,476.2,471.5,474.75,23692500,11137435650.0,56499000,1482000.0,1500,11-May-2022,476.55,2022-05-10T18:30:00.000Z
642f0b2ee2684b2e011f5bf9,FUTSTK,SBIN,26-May-2022,0.0,XX,N,476.05,476.05,453.1,459.85,459.0,474.75,459.85,34435500,15852124275.0,56268000,-231000.0,1500,12-May-2022,462.65,2022-05-11T18:30:00.000Z
642f0b30e2684b2e01202e79,FUTSTK,SBIN,26-May-2022,0.0,XX,N,464.9,476.25,433.8,438.75,435.1,459.85,438.75,110611500,50797831425.0,59629500,3361500.0,1500,13-May-2022,444.65,2022-05-12T18:30:00.000Z
642f0b36e2684b2e0121cf06,FUTSTK,SBIN,26-May-2022,0.0,XX,N,439.45,455.45,433.05,449.15,449.8,438.75,449.15,38139000,17110423575.0,54961500,-4668000.0,1500,16-May-2022,455.0,2022-05-15T18:30:00.000Z
642f0895e2684b2e01573c89,FUTSTK,SBIN,26-May-2022,0.0,XX,N,451.6,464.0,449.7,461.45,461.8,449.15,461.45,24466500,11167327125.0,51031500,-3930000.0,1500,17-May-2022,467.3,2022-05-16T18:30:00.000Z
642f0b37e2684b2e01223c58,FUTSTK,SBIN,26-May-2022,0.0,XX,N,460.95,462.2,450.75,451.45,451.55,461.45,451.45,21087000,9616803075.0,49998000,-1033500.0,1500,18-May-2022,458.0,2022-05-17T18:30:00.000Z
642f09b0e2684b2e01ae7716,FUTSTK,SBIN,26-May-2022,0.0,XX,N,444.4,444.4,437.75,440.75,442.0,451.45,440.75,17190000,7573395300.0,48255000,-1743000.0,1500,19-May-2022,447.5,2022-05-18T18:30:00.000Z
642f0b3de2684b2e0123e239,FUTSTK,SBIN,26-May-2022,0.0,XX,N,447.6,456.9,447.35,455.0,455.55,440.75,455.0,19423500,8805509175.0,43588500,-4666500.0,1500,20-May-2022,462.4,2022-05-19T18:30:00.000Z
642f0897e2684b2e0157c15e,FUTSTK,SBIN,26-May-2022,0.0,XX,N,455.8,463.7,452.5,453.65,453.25,455.0,453.65,19069500,8738369175.0,37731000,-5857500.0,1500,23-May-2022,460.9,2022-05-22T18:30:00.000Z
642f08e0e2684b2e016e6aa1,FUTSTK,SBIN,26-May-2022,0.0,XX,N,454.35,459.85,453.0,455.7,456.55,453.65,455.7,24076500,10990989525.0,27870000,-9861000.0,1500,24-May-2022,462.05,2022-05-23T18:30:00.000Z
642f0a0be2684b2e01c9a543,FUTSTK,SBIN,26-May-2022,0.0,XX,N,457.85,463.65,453.0,454.25,454.4,455.7,454.25,28395000,13012363725.0,14722500,-13147500.0,1500,25-May-2022,454.1,2022-05-24T18:30:00.000Z
642f09b3e2684b2e01af6e3e,FUTSTK,SBIN,26-May-2022,0.0,XX,N,456.65,470.4,451.85,468.6,470.4,454.25,468.9,25491000,11672730075.0,4659000,-10063500.0,1500,26-May-2022,468.9,2022-05-25T18:30:00.000Z
642f0b3ee2684b2e012468d0,FUTSTK,SBIN,30-Jun-2022,0.0,XX,N,472.4,476.35,468.75,470.5,470.0,470.55,470.5,16641000,7852747275.0,62352000,225000.0,1500,27-May-2022,468.95,2022-05-26T18:30:00.000Z
642f0a91e2684b2e01f12d10,FUTSTK,SBIN,30-Jun-2022,0.0,XX,N,474.55,478.25,472.25,476.35,476.45,470.5,476.35,14398500,6843884250.0,64675500,2323500.0,1500,30-May-2022,474.6,2022-05-29T18:30:00.000Z
642f089ce2684b2e01599c2d,FUTSTK,SBIN,30-Jun-2022,0.0,XX,N,474.85,477.45,465.25,468.3,468.3,476.35,468.3,18259500,8619651300.0,65806500,1131000.0,1500,31-May-2022,468.1,2022-05-30T18:30:00.000Z
642f089ae2684b2e0158c033,FUTSTK,SBIN,30-Jun-2022,0.0,XX,N,468.1,472.5,465.45,470.25,471.05,468.3,470.25,14449500,6784668900.0,66412500,606000.0,1500,01-Jun-2022,468.3,2022-05-31T18:30:00.000Z
642f0ad9e2684b2e01063f3e,FUTSTK,SBIN,30-Jun-2022,0.0,XX,N,468.05,473.35,467.4,471.5,471.55,470.25,471.5,13780500,6486487950.0,67444500,1032000.0,1500,02-Jun-2022,469.85,2022-06-01T18:30:00.000Z
642f0a96e2684b2e01f2b30e,FUTSTK,SBIN,30-Jun-2022,0.0,XX,N,474.65,476.4,465.45,466.35,466.2,471.5,466.35,15591000,7349389725.0,67045500,-399000.0,1500,03-Jun-2022,464.5,2022-06-02T18:30:00.000Z
642f0a9ae2684b2e01f3e4e4,FUTSTK,SBIN,30-Jun-2022,0.0,XX,N,466.35,467.1,457.75,465.6,465.65,466.35,465.6,15513000,7190490525.0,66492000,-553500.0,1500,06-Jun-2022,463.7,2022-06-05T18:30:00.000Z
642f0a0ee2684b2e01ca762b,FUTSTK,SBIN,30-Jun-2022,0.0,XX,N,462.9,467.05,461.8,464.3,464.75,465.6,464.3,11260500,5225652300.0,66145500,-346500.0,1500,07-Jun-2022,463.4,2022-06-06T18:30:00.000Z
642f09b8e2684b2e01b11954,FUTSTK,SBIN,30-Jun-2022,0.0,XX,N,467.45,476.75,463.85,471.95,471.4,464.3,471.95,25738500,12132790500.0,64600500,-1545000.0,1500,08-Jun-2022,471.3,2022-06-07T18:30:00.000Z
642f09bae2684b2e01b1c44f,FUTSTK,SBIN,30-Jun-2022,0.0,XX,N,471.4,471.85,462.85,467.4,467.65,471.95,467.4,19101000,8908883700.0,63426000,-1174500.0,1500,09-Jun-2022,466.95,2022-06-08T18:30:00.000Z
642f0a9de2684b2e01f4e859,FUTSTK,SBIN,30-Jun-2022,0.0,XX,N,463.1,464.85,459.25,462.35,462.5,467.4,462.35,12357000,5710186500.0,65065500,1639500.0,1500,10-Jun-2022,461.85,2022-06-09T18:30:00.000Z
642f0a11e2684b2e01cb84b0,FUTSTK,SBIN,30-Jun-2022,0.0,XX,N,454.05,454.4,442.2,445.95,446.25,462.35,445.95,20619000,9204786450.0,66328500,1263000.0,1500,13-Jun-2022,445.85,2022-06-12T18:30:00.000Z
642f09bce2684b2e01b2434a,FUTSTK,SBIN,30-Jun-2022,0.0,XX,N,445.25,450.15,443.6,448.2,448.25,445.95,448.2,16717500,7471168875.0,65701500,-627000.0,1500,14-Jun-2022,448.1,2022-06-13T18:30:00.000Z
642f0a15e2684b2e01ccb554,FUTSTK,SBIN,30-Jun-2022,0.0,XX,N,448.6,455.8,448.6,451.4,450.8,448.2,451.4,13846500,6267890850.0,65124000,-577500.0,1500,15-Jun-2022,451.35,2022-06-14T18:30:00.000Z
642f0b43e2684b2e0125d754,FUTSTK,SBIN,30-Jun-2022,0.0,XX,N,456.0,458.0,440.25,441.6,441.6,451.4,441.6,22555500,10106751675.0,65143500,19500.0,1500,16-Jun-2022,441.6,2022-06-15T18:30:00.000Z
642f0a9fe2684b2e01f543ab,FUTSTK,SBIN,30-Jun-2022,0.0,XX,N,440.3,447.55,437.9,442.25,443.3,441.6,442.25,20467500,9071928750.0,62961000,-2182500.0,1500,17-Jun-2022,441.0,2022-06-16T18:30:00.000Z
642f08e6e2684b2e017022cc,FUTSTK,SBIN,30-Jun-2022,0.0,XX,N,442.5,444.1,431.5,435.6,436.15,442.25,435.6,20310000,8877810900.0,63324000,363000.0,1500,20-Jun-2022,434.7,2022-06-19T18:30:00.000Z
642f08a1e2684b2e015b341b,FUTSTK,SBIN,30-Jun-2022,0.0,XX,N,439.85,455.0,438.0,450.6,451.1,435.6,450.6,20316000,9097931700.0,60934500,-2389500.0,1500,21-Jun-2022,450.75,2022-06-20T18:30:00.000Z
642f0a17e2684b2e01cd6607,FUTSTK,SBIN,30-Jun-2022,0.0,XX,N,448.75,451.3,444.75,447.3,447.35,450.6,447.3,16500000,7383097725.0,60292500,-642000.0,1500,22-Jun-2022,447.65,2022-06-21T18:30:00.000Z
642f095fe2684b2e0195970e,FUTSTK,SBIN,30-Jun-2022,0.0,XX,N,449.2,456.2,445.65,451.35,451.8,447.3,451.35,17565000,7923822300.0,57561000,-2731500.0,1500,23-Jun-2022,451.4,2022-06-22T18:30:00.000Z
642f095fe2684b2e0195d1a0,FUTSTK,SBIN,30-Jun-2022,0.0,XX,N,455.0,460.15,453.2,455.2,455.85,451.35,455.2,19678500,8975195775.0,51201000,-6360000.0,1500,24-Jun-2022,454.25,2022-06-23T18:30:00.000Z
642f09c2e2684b2e01b3f0a9,FUTSTK,SBIN,30-Jun-2022,0.0,XX,N,451.05,464.55,451.05,460.85,460.95,455.2,460.85,24513000,11298151425.0,40863000,-10338000.0,1500,27-Jun-2022,461.2,2022-06-26T18:30:00.000Z
642f08a3e2684b2e015bad2e,FUTSTK,SBIN,30-Jun-2022,0.0,XX,N,457.65,464.65,457.65,463.7,464.6,460.85,463.7,24297000,11222215125.0,25657500,-15205500.0,1500,28-Jun-2022,464.25,2022-06-27T18:30:00.000Z
642f0a1ce2684b2e01cefa4c,FUTSTK,SBIN,30-Jun-2022,0.0,XX,N,460.65,462.65,458.6,459.5,459.35,463.7,459.5,20220000,9320400150.0,13324500,-12333000.0,1500,29-Jun-2022,459.1,2022-06-28T18:30:00.000Z
642f0a1de2684b2e01cf17cc,FUTSTK,SBIN,30-Jun-2022,0.0,XX,N,459.4,468.25,459.4,464.0,462.8,459.5,465.9,23808000,11046404100.0,4167000,-9157500.0,1500,30-Jun-2022,465.9,2022-06-29T18:30:00.000Z
642f09c3e2684b2e01b462a2,FUTSTK,SBIN,28-Jul-2022,0.0,XX,N,462.0,470.6,460.65,468.6,469.95,464.8,468.6,18474000,8602192800.0,58285500,1096500.0,1500,01-Jul-2022,466.85,2022-06-30T18:30:00.000Z
642f0a20e2684b2e01d0021f,FUTSTK,SBIN,28-Jul-2022,0.0,XX,N,470.35,474.6,467.65,473.95,474.35,468.6,473.95,13107000,6178782450.0,57456000,-829500.0,1500,04-Jul-2022,473.45,2022-07-03T18:30:00.000Z
642f08a6e2684b2e015ca67b,FUTSTK,SBIN,28-Jul-2022,0.0,XX,N,475.7,480.7,471.2,472.2,472.4,473.95,472.2,16645500,7929502575.0,56173500,-1282500.0,1500,05-Jul-2022,472.15,2022-07-04T18:30:00.000Z
642f0b46e2684b2e01269f94,FUTSTK,SBIN,28-Jul-2022,0.0,XX,N,475.6,481.3,474.05,480.3,481.1,472.2,480.3,17451000,8346684600.0,56350500,177000.0,1500,06-Jul-2022,479.95,2022-07-05T18:30:00.000Z
642f08e9e2684b2e0170cddc,FUTSTK,SBIN,28-Jul-2022,0.0,XX,N,483.2,489.9,482.6,488.25,488.8,480.3,488.25,18225000,8867594175.0,56545500,195000.0,1500,07-Jul-2022,486.75,2022-07-06T18:30:00.000Z
642f0b4ae2684b2e01279580,FUTSTK,SBIN,28-Jul-2022,0.0,XX,N,489.25,491.85,486.75,490.55,490.7,488.25,490.55,14545500,7114779450.0,57345000,799500.0,1500,08-Jul-2022,488.55,2022-07-07T18:30:00.000Z
642f08ede2684b2e01723027,FUTSTK,SBIN,28-Jul-2022,0.0,XX,N,487.55,492.6,486.6,489.9,490.25,490.55,489.9,12943500,6345315600.0,56964000,-381000.0,1500,11-Jul-2022,488.2,2022-07-10T18:30:00.000Z
642f08efe2684b2e0172ceb5,FUTSTK,SBIN,28-Jul-2022,0.0,XX,N,486.5,492.9,484.3,485.9,485.0,489.9,485.9,13948500,6829376925.0,55261500,-1702500.0,1500,12-Jul-2022,484.95,2022-07-11T18:30:00.000Z
642f0adee2684b2e010796d9,FUTSTK,SBIN,28-Jul-2022,0.0,XX,N,488.25,493.4,485.05,487.3,487.3,485.9,487.3,13402500,6556364475.0,54027000,-1234500.0,1500,13-Jul-2022,486.5,2022-07-12T18:30:00.000Z
642f0a27e2684b2e01d19350,FUTSTK,SBIN,28-Jul-2022,0.0,XX,N,486.85,489.2,477.6,480.0,481.0,487.3,480.0,14217000,6857391600.0,53206500,-820500.0,1500,14-Jul-2022,479.35,2022-07-13T18:30:00.000Z
642f09c8e2684b2e01b5ea82,FUTSTK,SBIN,28-Jul-2022,0.0,XX,N,483.5,484.95,475.3,479.7,479.85,480.0,479.7,11479500,5500505325.0,54658500,1452000.0,1500,15-Jul-2022,479.1,2022-07-14T18:30:00.000Z
642f0a2ae2684b2e01d25e57,FUTSTK,SBIN,28-Jul-2022,0.0,XX,N,485.1,493.45,482.7,492.35,491.8,479.7,492.35,18691500,9124268475.0,54283500,-375000.0,1500,18-Jul-2022,490.3,2022-07-17T18:30:00.000Z
642f0a2ee2684b2e01d38da0,FUTSTK,SBIN,28-Jul-2022,0.0,XX,N,489.95,499.65,489.3,498.75,498.55,492.35,498.75,18690000,9255836100.0,54343500,60000.0,1500,19-Jul-2022,497.95,2022-07-18T18:30:00.000Z
642f09c9e2684b2e01b64651,FUTSTK,SBIN,28-Jul-2022,0.0,XX,N,501.45,511.3,501.1,508.45,507.85,498.75,508.45,24312000,12334053300.0,53560500,-783000.0,1500,20-Jul-2022,508.6,2022-07-19T18:30:00.000Z
642f0aa2e2684b2e01f635fb,FUTSTK,SBIN,28-Jul-2022,0.0,XX,N,509.7,513.45,507.35,511.55,511.45,508.45,511.55,15103500,7720257600.0,52447500,-1113000.0,1500,21-Jul-2022,512.05,2022-07-20T18:30:00.000Z
642f0adfe2684b2e0107fb5a,FUTSTK,SBIN,28-Jul-2022,0.0,XX,N,513.9,519.7,512.2,513.65,512.9,511.55,513.65,20707500,10678680975.0,48069000,-4378500.0,1500,22-Jul-2022,513.7,2022-07-21T18:30:00.000Z
64440d44bf1903287160e60b,FUTSTK,SBIN,28-Jul-2022,0.0,XX,N,512.35,518.9,508.9,517.15,516.65,513.65,517.15,22332000,11480269950.0,38457000,-9612000.0,1500,25-Jul-2022,543.15,2022-07-24T18:30:00.000Z
642f08f3e2684b2e01742b77,FUTSTK,SBIN,28-Jul-2022,0.0,XX,N,512.35,518.9,508.9,517.15,516.65,513.65,517.15,22332000,11480269950.0,38457000,-9612000.0,1500,25-Jul-2022,517.8,2022-07-24T18:30:00.000Z
642f0a31e2684b2e01d44f75,FUTSTK,SBIN,28-Jul-2022,0.0,XX,N,517.35,520.4,512.25,513.35,512.5,517.15,513.35,21654000,11163786750.0,25611000,-12846000.0,1500,26-Jul-2022,514.2,2022-07-25T18:30:00.000Z
642f0a36e2684b2e01d5dd52,FUTSTK,SBIN,28-Jul-2022,0.0,XX,N,513.7,527.65,511.2,526.95,526.9,513.35,526.95,24355500,12671798025.0,14787000,-10824000.0,1500,27-Jul-2022,528.2,2022-07-26T18:30:00.000Z
64440f3ebf19032871610b59,FUTSTK,SBIN,28-Jul-2022,0.0,XX,N,528.75,536.0,528.75,532.5,532.75,526.95,532.45,14575500,7755935400.0,7411500,-7375500.0,1500,28-Jul-2022,543.15,2022-07-27T18:30:00.000Z
642f08f6e2684b2e0174f7c7,FUTSTK,SBIN,28-Jul-2022,0.0,XX,N,528.75,536.0,528.75,532.5,532.75,526.95,532.45,14575500,7755935400.0,7411500,-7375500.0,1500,28-Jul-2022,532.45,2022-07-27T18:30:00.000Z
64441132bf19032871612e2e,FUTSTK,SBIN,25-Aug-2022,0.0,XX,N,535.65,539.8,529.05,529.9,529.45,534.75,529.9,17361000,9239783550.0,44713500,-2326500.0,1500,29-Jul-2022,543.15,2022-07-28T18:30:00.000Z
642f08abe2684b2e015e65aa,FUTSTK,SBIN,25-Aug-2022,0.0,XX,N,535.65,539.8,529.05,529.9,529.45,534.75,529.9,17361000,9239783550.0,44713500,-2326500.0,1500,29-Jul-2022,528.35,2022-07-28T18:30:00.000Z
64441327bf1903287161538c,FUTSTK,SBIN,25-Aug-2022,0.0,XX,N,530.05,537.4,528.05,535.0,534.7,529.9,535.0,12979500,6928716750.0,46072500,1359000.0,1500,01-Aug-2022,543.15,2022-07-31T18:30:00.000Z
642f0aa6e2684b2e01f77314,FUTSTK,SBIN,25-Aug-2022,0.0,XX,N,530.05,537.4,528.05,535.0,534.7,529.9,535.0,12979500,6928716750.0,46072500,1359000.0,1500,01-Aug-2022,533.75,2022-07-31T18:30:00.000Z
6444151ebf190328716179f5,FUTSTK,SBIN,25-Aug-2022,0.0,XX,N,531.15,547.8,531.15,544.3,543.0,535.0,544.3,29229000,15880489200.0,48654000,2581500.0,1500,02-Aug-2022,543.15,2022-08-01T18:30:00.000Z
642f09cde2684b2e01b76c59,FUTSTK,SBIN,25-Aug-2022,0.0,XX,N,531.15,547.8,531.15,544.3,543.0,535.0,544.3,29229000,15880489200.0,48654000,2581500.0,1500,02-Aug-2022,542.1,2022-08-01T18:30:00.000Z
64441713bf19032871619cd3,FUTSTK,SBIN,25-Aug-2022,0.0,XX,N,542.4,547.6,535.8,542.05,541.8,544.3,542.05,39348000,21358066725.0,50623500,1969500.0,1500,03-Aug-2022,543.15,2022-08-02T18:30:00.000Z
642f08aee2684b2e015f2ff0,FUTSTK,SBIN,25-Aug-2022,0.0,XX,N,542.4,547.6,535.8,542.05,541.8,544.3,542.05,39348000,21358066725.0,50623500,1969500.0,1500,03-Aug-2022,540.85,2022-08-02T18:30:00.000Z
642f09d1e2684b2e01b8afca,FUTSTK,SBIN,25-Aug-2022,0.0,XX,N,544.75,545.15,524.7,533.8,532.85,542.05,533.8,37252500,19895280000.0,50410500,-213000.0,1500,04-Aug-2022,533.25,2022-08-03T18:30:00.000Z
644417f9bf1903287161b0db,FUTSTK,SBIN,25-Aug-2022,0.0,XX,N,535.2,544.1,527.8,530.4,531.1,533.8,530.4,46788000,25099039575.0,53398500,2988000.0,1500,05-Aug-2022,543.15,2022-08-04T18:30:00.000Z
642f09d3e2684b2e01b951a2,FUTSTK,SBIN,25-Aug-2022,0.0,XX,N,535.2,544.1,527.8,530.4,531.1,533.8,530.4,46788000,25099039575.0,53398500,2988000.0,1500,05-Aug-2022,531.05,2022-08-04T18:30:00.000Z
642f09d7e2684b2e01ba4a9a,FUTSTK,SBIN,25-Aug-2022,0.0,XX,N,525.0,526.0,516.1,522.4,522.95,530.4,522.4,52243500,27148247700.0,55933500,2535000.0,1500,08-Aug-2022,520.4,2022-08-07T18:30:00.000Z
642f0ae2e2684b2e0109055b,FUTSTK,SBIN,25-Aug-2022,0.0,XX,N,522.5,524.65,515.2,517.05,516.45,522.4,517.05,18918000,9807435375.0,56904000,970500.0,1500,10-Aug-2022,514.7,2022-08-09T18:30:00.000Z
642f08f8e2684b2e0175a275,FUTSTK,SBIN,25-Aug-2022,0.0,XX,N,521.05,528.3,518.9,527.0,526.85,517.05,527.0,24963000,13075779525.0,56050500,-853500.0,1500,11-Aug-2022,524.75,2022-08-10T18:30:00.000Z
642f0965e2684b2e019769ac,FUTSTK,SBIN,25-Aug-2022,0.0,XX,N,526.35,533.15,526.35,530.65,531.1,527.0,530.65,18796500,9975605325.0,53395500,-2655000.0,1500,12-Aug-2022,530.7,2022-08-11T18:30:00.000Z
642f08fce2684b2e0176eab6,FUTSTK,SBIN,25-Aug-2022,0.0,XX,N,533.25,534.2,525.5,527.35,527.75,530.65,527.35,15187500,8032080075.0,52789500,-606000.0,1500,16-Aug-2022,525.95,2022-08-15T18:30:00.000Z
642f0b4fe2684b2e0128c99c,FUTSTK,SBIN,25-Aug-2022,0.0,XX,N,528.25,532.3,525.1,530.2,529.8,527.35,530.2,20212500,10684222200.0,51447000,-1342500.0,1500,17-Aug-2022,528.15,2022-08-16T18:30:00.000Z
642f0b53e2684b2e012a0a5b,FUTSTK,SBIN,25-Aug-2022,0.0,XX,N,529.25,536.45,528.45,533.9,534.0,530.2,533.9,22824000,12163360500.0,46917000,-4530000.0,1500,18-Aug-2022,532.35,2022-08-17T18:30:00.000Z
642f08fee2684b2e01778f6b,FUTSTK,SBIN,25-Aug-2022,0.0,XX,N,531.6,535.3,518.6,520.85,519.95,533.9,520.85,24016500,12584087775.0,44545500,-2371500.0,1500,19-Aug-2022,520.35,2022-08-18T18:30:00.000Z
642f0ae7e2684b2e010a70e1,FUTSTK,SBIN,25-Aug-2022,0.0,XX,N,519.45,521.1,510.45,512.3,511.45,520.85,512.3,20916000,10748929275.0,37207500,-7338000.0,1500,22-Aug-2022,511.3,2022-08-21T18:30:00.000Z
642f0aa9e2684b2e01f83e14,FUTSTK,SBIN,25-Aug-2022,0.0,XX,N,509.0,524.55,508.7,523.0,524.5,512.3,523.0,26986500,13977090825.0,23625000,-13582500.0,1500,23-Aug-2022,521.9,2022-08-22T18:30:00.000Z
642f08b1e2684b2e01605442,FUTSTK,SBIN,25-Aug-2022,0.0,XX,N,519.55,523.6,512.9,520.8,521.65,523.0,520.8,27375000,14204431950.0,9319500,-14305500.0,1500,24-Aug-2022,519.3,2022-08-23T18:30:00.000Z
64441830bf1903287161b76a,FUTSTK,SBIN,25-Aug-2022,0.0,XX,N,521.85,529.2,518.9,520.7,519.65,520.8,520.4,17092500,8970663450.0,1557000,-7762500.0,1500,25-Aug-2022,543.15,2022-08-24T18:30:00.000Z
642f0966e2684b2e0197b97f,FUTSTK,SBIN,25-Aug-2022,0.0,XX,N,521.85,529.2,518.9,520.7,519.65,520.8,520.4,17092500,8970663450.0,1557000,-7762500.0,1500,25-Aug-2022,520.4,2022-08-24T18:30:00.000Z
642f09dae2684b2e01bb22b0,FUTSTK,SBIN,29-Sep-2022,0.0,XX,N,526.05,533.8,525.15,527.95,528.7,523.65,527.95,23013000,12178345875.0,50301000,805500.0,1500,26-Aug-2022,523.8,2022-08-25T18:30:00.000Z
642f0aade2684b2e01f98d80,FUTSTK,SBIN,29-Sep-2022,0.0,XX,N,517.6,518.6,511.35,516.25,515.8,527.95,516.25,16639500,8576468625.0,49164000,-1137000.0,1500,29-Aug-2022,514.85,2022-08-28T18:30:00.000Z
64441859bf1903287161be2d,FUTSTK,SBIN,29-Sep-2022,0.0,XX,N,519.85,535.05,519.6,534.1,534.7,516.25,534.1,21576000,11438136525.0,48364500,-799500.0,1500,30-Aug-2022,543.15,2022-08-29T18:30:00.000Z
642f096be2684b2e01997633,FUTSTK,SBIN,29-Sep-2022,0.0,XX,N,519.85,535.05,519.6,534.1,534.7,516.25,534.1,21576000,11438136525.0,48364500,-799500.0,1500,30-Aug-2022,531.25,2022-08-29T18:30:00.000Z
642f0b54e2684b2e012a4cbb,FUTSTK,SBIN,29-Sep-2022,0.0,XX,N,527.55,542.95,526.5,536.05,536.6,534.1,536.05,26971500,14477948250.0,49444500,1080000.0,1500,01-Sep-2022,533.3,2022-08-31T18:30:00.000Z
642f096de2684b2e0199f3a4,FUTSTK,SBIN,29-Sep-2022,0.0,XX,N,539.3,539.3,532.55,537.7,537.3,536.05,537.7,14029500,7527643950.0,48526500,-918000.0,1500,02-Sep-2022,536.7,2022-09-01T18:30:00.000Z
642f0970e2684b2e019b0f0b,FUTSTK,SBIN,29-Sep-2022,0.0,XX,N,538.15,542.3,537.45,540.0,540.1,537.7,540.0,10765500,5816602800.0,48000000,-526500.0,1500,05-Sep-2022,538.9,2022-09-04T18:30:00.000Z
642f0971e2684b2e019b703d,FUTSTK,SBIN,29-Sep-2022,0.0,XX,N,540.05,545.1,535.0,539.25,539.15,540.0,539.25,18003000,9732170775.0,48253500,253500.0,1500,06-Sep-2022,537.8,2022-09-05T18:30:00.000Z
642f0976e2684b2e019d018c,FUTSTK,SBIN,29-Sep-2022,0.0,XX,N,535.6,538.35,533.0,534.25,534.25,539.25,534.25,11347500,6074918325.0,48579000,325500.0,1500,07-Sep-2022,532.85,2022-09-06T18:30:00.000Z
642f0ae8e2684b2e010acb15,FUTSTK,SBIN,29-Sep-2022,0.0,XX,N,537.5,548.55,537.15,546.95,547.65,534.25,546.95,23268000,12650805300.0,48291000,-288000.0,1500,08-Sep-2022,544.65,2022-09-07T18:30:00.000Z
642f0a39e2684b2e01d6dce2,FUTSTK,SBIN,29-Sep-2022,0.0,XX,N,549.7,559.0,549.1,554.7,554.15,546.95,554.7,29175000,16196080950.0,50023500,1732500.0,1500,09-Sep-2022,553.35,2022-09-08T18:30:00.000Z
642f08b4e2684b2e01611c77,FUTSTK,SBIN,29-Sep-2022,0.0,XX,N,555.45,558.9,552.15,555.7,555.7,554.7,555.7,12745500,7089675075.0,49219500,-804000.0,1500,12-Sep-2022,554.9,2022-09-11T18:30:00.000Z
642f0a3be2684b2e01d791e3,FUTSTK,SBIN,29-Sep-2022,0.0,XX,N,560.15,560.8,554.4,558.0,557.75,555.7,558.0,14722500,8214528975.0,47259000,-1960500.0,1500,13-Sep-2022,558.0,2022-09-12T18:30:00.000Z
642f0903e2684b2e017910e5,FUTSTK,SBIN,29-Sep-2022,0.0,XX,N,550.5,574.7,548.5,571.6,571.6,558.0,571.6,39478500,22360123500.0,51694500,4435500.0,1500,14-Sep-2022,571.75,2022-09-13T18:30:00.000Z
644418cdbf1903287161c6ef,FUTSTK,SBIN,29-Sep-2022,0.0,XX,N,573.2,578.15,567.6,571.85,571.2,571.6,571.85,19624500,11248330350.0,50152500,-1542000.0,1500,15-Sep-2022,543.15,2022-09-14T18:30:00.000Z
642f08b6e2684b2e0161dca8,FUTSTK,SBIN,29-Sep-2022,0.0,XX,N,573.2,578.15,567.6,571.85,571.2,571.6,571.85,19624500,11248330350.0,50152500,-1542000.0,1500,15-Sep-2022,572.15,2022-09-14T18:30:00.000Z
642f0906e2684b2e0179ec99,FUTSTK,SBIN,29-Sep-2022,0.0,XX,N,569.05,573.5,560.35,563.45,563.35,571.85,563.45,23337000,13191493950.0,48069000,-2083500.0,1500,16-Sep-2022,561.8,2022-09-15T18:30:00.000Z
642f0b5be2684b2e012c959f,FUTSTK,SBIN,29-Sep-2022,0.0,XX,N,561.9,571.75,560.35,569.9,570.4,563.45,569.9,16486500,9377873100.0,48877500,808500.0,1500,19-Sep-2022,572.25,2022-09-18T18:30:00.000Z
642f0a3ee2684b2e01d87109,FUTSTK,SBIN,29-Sep-2022,0.0,XX,N,575.1,575.95,571.05,571.75,571.5,569.9,571.75,13072500,7497188025.0,47851500,-1026000.0,1500,20-Sep-2022,574.05,2022-09-19T18:30:00.000Z
642f0aebe2684b2e010b8f03,FUTSTK,SBIN,29-Sep-2022,0.0,XX,N,573.4,574.95,565.5,570.3,570.25,571.75,570.3,15115500,8612327325.0,45643500,-2208000.0,1500,21-Sep-2022,569.7,2022-09-20T18:30:00.000Z
642f0b59e2684b2e012bc0a5,FUTSTK,SBIN,29-Sep-2022,0.0,XX,N,565.55,572.0,561.1,566.0,566.15,570.3,566.0,18400500,10427227725.0,45600000,-43500.0,1500,22-Sep-2022,567.3,2022-09-21T18:30:00.000Z
642f09dfe2684b2e01bc4e17,FUTSTK,SBIN,29-Sep-2022,0.0,XX,N,565.2,566.25,550.0,551.35,551.6,566.0,551.35,24366000,13525240575.0,43060500,-2539500.0,1500,23-Sep-2022,550.6,2022-09-22T18:30:00.000Z
642f0ab0e2684b2e01fa8b41,FUTSTK,SBIN,29-Sep-2022,0.0,XX,N,547.05,549.15,533.25,541.75,543.0,551.35,541.75,34890000,18842606250.0,32464500,-10596000.0,1500,26-Sep-2022,543.3,2022-09-25T18:30:00.000Z
642f0b5de2684b2e012d2c22,FUTSTK,SBIN,29-Sep-2022,0.0,XX,N,546.55,548.95,532.75,536.5,539.75,541.75,536.5,31570500,17100330075.0,20770500,-11694000.0,1500,27-Sep-2022,536.5,2022-09-26T18:30:00.000Z
642f08bbe2684b2e0163448b,FUTSTK,SBIN,29-Sep-2022,0.0,XX,N,532.1,539.75,521.95,526.35,524.1,536.5,526.35,25252500,13456913250.0,9766500,-11004000.0,1500,28-Sep-2022,524.85,2022-09-27T18:30:00.000Z
64441935bf1903287161d12a,FUTSTK,SBIN,29-Sep-2022,0.0,XX,N,532.0,535.85,519.5,521.25,524.05,526.35,521.75,19377000,10192840950.0,4401000,-5365500.0,1500,29-Sep-2022,543.15,2022-09-28T18:30:00.000Z
642f090ae2684b2e017afc96,FUTSTK,SBIN,29-Sep-2022,0.0,XX,N,532.0,535.85,519.5,521.25,524.05,526.35,521.75,19377000,10192840950.0,4401000,-5365500.0,1500,29-Sep-2022,521.75,2022-09-28T18:30:00.000Z
642f09ece2684b2e01c03e69,FUTSTK,SBIN,27-Oct-2022,0.0,XX,N,526.95,540.0,518.55,533.6,534.1,524.9,533.6,33523500,17805011400.0,48325500,1966500.0,1500,30-Sep-2022,530.6,2022-09-29T18:30:00.000Z
642f0b63e2684b2e012ecc8d,FUTSTK,SBIN,27-Oct-2022,0.0,XX,N,529.65,533.5,518.65,520.85,520.5,533.6,520.85,17794500,9360678675.0,48795000,469500.0,1500,03-Oct-2022,519.75,2022-10-02T18:30:00.000Z
642f0984e2684b2e01a18e84,FUTSTK,SBIN,27-Oct-2022,0.0,XX,N,533.0,537.7,529.2,533.85,534.05,520.85,533.85,17484000,9337324950.0,47767500,-1027500.0,1500,04-Oct-2022,532.7,2022-10-03T18:30:00.000Z
642f0aeee2684b2e010ca199,FUTSTK,SBIN,27-Oct-2022,0.0,XX,N,535.7,542.6,535.7,537.5,537.35,533.85,537.5,14908500,8037710625.0,47044500,-723000.0,1500,06-Oct-2022,537.3,2022-10-05T18:30:00.000Z
642f0a46e2684b2e01dad247,FUTSTK,SBIN,27-Oct-2022,0.0,XX,N,535.9,535.9,527.2,532.65,533.15,537.5,532.65,16486500,8752985925.0,49845000,2800500.0,1500,07-Oct-2022,530.2,2022-10-06T18:30:00.000Z
642f0b68e2684b2e01307102,FUTSTK,SBIN,27-Oct-2022,0.0,XX,N,527.3,534.75,523.4,531.45,531.4,532.65,531.45,13290000,7027567425.0,51618000,1773000.0,1500,10-Oct-2022,530.75,2022-10-09T18:30:00.000Z
642f09e3e2684b2e01bd6945,FUTSTK,SBIN,27-Oct-2022,0.0,XX,N,530.85,533.95,524.8,526.75,526.0,531.45,526.75,13614000,7208441025.0,51096000,-522000.0,1500,11-Oct-2022,527.4,2022-10-10T18:30:00.000Z
642f0a42e2684b2e01d968d7,FUTSTK,SBIN,27-Oct-2022,0.0,XX,N,528.55,535.5,526.05,534.45,535.0,526.75,534.45,15805500,8388735000.0,50029500,-1066500.0,1500,12-Oct-2022,533.8,2022-10-11T18:30:00.000Z
642f0b6be2684b2e01315f5f,FUTSTK,SBIN,27-Oct-2022,0.0,XX,N,531.5,534.0,520.6,522.95,523.25,534.45,522.95,17401500,9146959575.0,52225500,2196000.0,1500,13-Oct-2022,521.45,2022-10-12T18:30:00.000Z
642f0914e2684b2e017e46e7,FUTSTK,SBIN,27-Oct-2022,0.0,XX,N,533.5,536.3,527.7,528.9,529.0,522.95,528.9,17451000,9277741950.0,51375000,-850500.0,1500,14-Oct-2022,527.2,2022-10-13T18:30:00.000Z
642f090fe2684b2e017cb647,FUTSTK,SBIN,27-Oct-2022,0.0,XX,N,522.0,545.5,522.0,544.8,545.1,528.9,544.8,29650500,15993002175.0,49597500,-1777500.0,1500,17-Oct-2022,543.65,2022-10-16T18:30:00.000Z
642f09e6e2684b2e01be4b07,FUTSTK,SBIN,27-Oct-2022,0.0,XX,N,548.7,561.55,547.4,559.85,559.8,544.8,559.85,33564000,18686132400.0,48043500,-1554000.0,1500,18-Oct-2022,562.45,2022-10-17T18:30:00.000Z
642f0abce2684b2e01fd6a0c,FUTSTK,SBIN,27-Oct-2022,0.0,XX,N,562.9,562.9,552.1,553.2,553.85,559.85,553.2,19023000,10564740300.0,43927500,-4116000.0,1500,19-Oct-2022,553.4,2022-10-18T18:30:00.000Z
6443d4ffbf19032871506a77,FUTSTK,SBIN,27-Oct-2022,0.0,XX,N,552.3,558.15,545.4,556.95,557.0,553.2,556.95,28593000,15791709450.0,38176500,-5751000.0,1500,20-Oct-2022,543.15,2022-10-19T18:30:00.000Z
642f0912e2684b2e017da601,FUTSTK,SBIN,27-Oct-2022,0.0,XX,N,552.3,558.15,545.4,556.95,557.0,553.2,556.95,28593000,15791709450.0,38176500,-5751000.0,1500,20-Oct-2022,555.4,2022-10-19T18:30:00.000Z
6443d845bf1903287150b051,FUTSTK,SBIN,27-Oct-2022,0.0,XX,N,558.4,565.9,558.0,561.0,561.35,556.95,561.0,37239000,20966659800.0,25830000,-12346500.0,1500,21-Oct-2022,543.15,2022-10-20T18:30:00.000Z
642f0b66e2684b2e012fcf52,FUTSTK,SBIN,27-Oct-2022,0.0,XX,N,558.4,565.9,558.0,561.0,561.35,556.95,561.0,37239000,20966659800.0,25830000,-12346500.0,1500,21-Oct-2022,560.85,2022-10-20T18:30:00.000Z
64465c2bbf1903287188c05f,FUTSTK,SBIN,27-Oct-2022,0.0,XX,N,572.6,586.4,568.45,579.3,577.3,571.05,579.3,38523000,22275594675.0,13854000,-12919500.0,1500,25-Oct-2022,543.15,2022-10-24T18:30:00.000Z
642f090be2684b2e017b5eb3,FUTSTK,SBIN,27-Oct-2022,0.0,XX,N,572.6,586.4,568.45,579.3,577.3,571.05,579.3,38523000,22275594675.0,13854000,-12919500.0,1500,25-Oct-2022,578.55,2022-10-24T18:30:00.000Z
6443d981bf1903287150cb3c,FUTSTK,SBIN,27-Oct-2022,0.0,XX,N,582.2,584.9,572.9,579.05,579.5,579.3,579.65,19285500,11194495650.0,9724500,-4129500.0,1500,27-Oct-2022,543.15,2022-10-26T18:30:00.000Z
642f08bce2684b2e01639663,FUTSTK,SBIN,27-Oct-2022,0.0,XX,N,582.2,584.9,572.9,579.05,579.5,579.3,579.65,19285500,11194495650.0,9724500,-4129500.0,1500,27-Oct-2022,579.65,2022-10-26T18:30:00.000Z
642f0ab2e2684b2e01fb082c,FUTSTK,SBIN,24-Nov-2022,0.0,XX,N,582.4,585.7,570.25,574.05,574.5,583.3,574.05,19966500,11496480825.0,58636500,1557000.0,1500,28-Oct-2022,570.75,2022-10-27T18:30:00.000Z
644419d7bf1903287161de0e,FUTSTK,SBIN,24-Nov-2022,0.0,XX,N,576.9,579.6,571.5,576.4,576.3,574.05,576.4,14430000,8305447725.0,59260500,624000.0,1500,31-Oct-2022,543.15,2022-10-30T18:30:00.000Z
642f0918e2684b2e017f77aa,FUTSTK,SBIN,24-Nov-2022,0.0,XX,N,576.9,579.6,571.5,576.4,576.3,574.05,576.4,14430000,8305447725.0,59260500,624000.0,1500,31-Oct-2022,573.8,2022-10-30T18:30:00.000Z
642f0978e2684b2e019db2cb,FUTSTK,SBIN,24-Nov-2022,0.0,XX,N,578.8,588.8,577.25,579.8,579.5,576.4,579.8,25765500,15025001700.0,61114500,1854000.0,1500,01-Nov-2022,576.9,2022-10-31T18:30:00.000Z
6448a98dbf19032871b483bc,FUTSTK,SBIN,24-Nov-2022,0.0,XX,N,579.15,582.15,571.85,576.35,575.6,579.8,576.35,20220000,11673990900.0,61572000,457500.0,1500,02-Nov-2022,561.8,2022-11-01T18:30:00.000Z
642f0af1e2684b2e010d8019,FUTSTK,SBIN,24-Nov-2022,0.0,XX,N,571.6,591.65,570.75,588.0,587.4,576.35,588.0,49834500,29148642375.0,64633500,3061500.0,1500,03-Nov-2022,584.9,2022-11-02T18:30:00.000Z
642f0a45e2684b2e01da71ed,FUTSTK,SBIN,24-Nov-2022,0.0,XX,N,589.5,599.0,582.3,596.35,598.5,588.0,596.35,73861500,43568884500.0,65452500,819000.0,1500,04-Nov-2022,593.95,2022-11-03T18:30:00.000Z
64441a95bf1903287161ef63,FUTSTK,SBIN,24-Nov-2022,0.0,XX,N,614.75,624.05,609.15,616.4,616.0,596.35,616.4,81633000,50400353625.0,60427500,-5025000.0,1500,07-Nov-2022,543.15,2022-11-06T18:30:00.000Z
642f091be2684b2e018062b1,FUTSTK,SBIN,24-Nov-2022,0.0,XX,N,614.75,624.05,609.15,616.4,616.0,596.35,616.4,81633000,50400353625.0,60427500,-5025000.0,1500,07-Nov-2022,614.15,2022-11-06T18:30:00.000Z
642f08c0e2684b2e0164f9bc,FUTSTK,SBIN,24-Nov-2022,0.0,XX,N,622.45,622.5,612.8,615.95,615.0,616.4,615.95,29187000,17997304650.0,60592500,165000.0,1500,09-Nov-2022,615.55,2022-11-08T18:30:00.000Z
642f0b6ee2684b2e0132815d,FUTSTK,SBIN,24-Nov-2022,0.0,XX,N,612.95,616.0,604.05,609.1,608.6,615.95,609.1,24193500,14730197925.0,61149000,556500.0,1500,10-Nov-2022,605.75,2022-11-09T18:30:00.000Z
642f091de2684b2e01812f70,FUTSTK,SBIN,24-Nov-2022,0.0,XX,N,619.9,623.1,600.75,604.15,603.8,609.1,604.15,30390000,18468536850.0,60682500,-466500.0,1500,11-Nov-2022,601.3,2022-11-10T18:30:00.000Z
642f097be2684b2e019e92c0,FUTSTK,SBIN,24-Nov-2022,0.0,XX,N,600.55,604.95,594.9,596.0,596.15,604.15,596.0,25014000,14978036325.0,62752500,2070000.0,1500,14-Nov-2022,592.55,2022-11-13T18:30:00.000Z
642f0a49e2684b2e01dbb08c,FUTSTK,SBIN,24-Nov-2022,0.0,XX,N,596.05,604.9,594.65,602.8,603.2,596.0,602.8,20959500,12585642900.0,62355000,-397500.0,1500,15-Nov-2022,600.85,2022-11-14T18:30:00.000Z
642f0b78e2684b2e013549de,FUTSTK,SBIN,24-Nov-2022,0.0,XX,N,601.8,604.65,596.55,599.9,599.25,602.8,599.9,20817000,12516662175.0,59394000,-2961000.0,1500,16-Nov-2022,599.75,2022-11-15T18:30:00.000Z
642f0a4de2684b2e01dcc691,FUTSTK,SBIN,24-Nov-2022,0.0,XX,N,598.5,604.3,596.95,601.0,600.15,599.9,601.0,14539500,8739076650.0,57754500,-1639500.0,1500,17-Nov-2022,599.05,2022-11-16T18:30:00.000Z
642f0b71e2684b2e0133380b,FUTSTK,SBIN,24-Nov-2022,0.0,XX,N,601.2,606.25,598.1,603.15,603.0,601.0,603.15,20046000,12069514275.0,54742500,-3012000.0,1500,18-Nov-2022,602.7,2022-11-17T18:30:00.000Z
642f0ab5e2684b2e01fbc23b,FUTSTK,SBIN,24-Nov-2022,0.0,XX,N,601.9,601.9,595.7,598.6,598.45,603.15,598.6,22059000,13205741025.0,45340500,-9402000.0,1500,21-Nov-2022,598.1,2022-11-20T18:30:00.000Z
642f08c3e2684b2e0165b198,FUTSTK,SBIN,24-Nov-2022,0.0,XX,N,599.6,601.5,597.2,600.4,601.25,598.6,600.4,22546500,13504666950.0,33106500,-12234000.0,1500,22-Nov-2022,599.1,2022-11-21T18:30:00.000Z
642f0abfe2684b2e01fe7aa9,FUTSTK,SBIN,24-Nov-2022,0.0,XX,N,601.2,609.3,601.2,606.75,605.8,600.4,606.75,26356500,15983906400.0,21549000,-11557500.0,1500,23-Nov-2022,607.65,2022-11-22T18:30:00.000Z
642f0b72e2684b2e0133bd3f,FUTSTK,SBIN,24-Nov-2022,0.0,XX,N,608.65,612.1,606.0,611.4,611.75,606.75,609.35,27640500,16848519600.0,12657000,-8892000.0,1500,24-Nov-2022,609.35,2022-11-23T18:30:00.000Z
642f0923e2684b2e0182ff17,FUTSTK,SBIN,29-Dec-2022,0.0,XX,N,612.8,615.45,607.6,609.0,608.5,611.7,609.0,19183500,11721577575.0,56664000,361500.0,1500,25-Nov-2022,607.4,2022-11-24T18:30:00.000Z
642f0920e2684b2e01820f22,FUTSTK,SBIN,29-Dec-2022,0.0,XX,N,607.4,612.1,604.2,610.05,608.95,609.0,610.05,13567500,8245031475.0,57598500,934500.0,1500,28-Nov-2022,608.6,2022-11-27T18:30:00.000Z
642f08c5e2684b2e01665b1c,FUTSTK,SBIN,29-Dec-2022,0.0,XX,N,612.0,613.25,608.3,609.7,609.45,610.05,609.7,11715000,7155224250.0,56389500,-1209000.0,1500,29-Nov-2022,608.55,2022-11-28T18:30:00.000Z
642f0b7ae2684b2e0135e27d,FUTSTK,SBIN,29-Dec-2022,0.0,XX,N,610.55,612.9,601.55,605.05,605.3,609.7,605.05,18040500,10931273925.0,58588500,2199000.0,1500,30-Nov-2022,602.45,2022-11-29T18:30:00.000Z
642f0af4e2684b2e010e70f5,FUTSTK,SBIN,29-Dec-2022,0.0,XX,N,608.05,610.5,603.65,608.6,608.35,605.05,608.6,15958500,9691507875.0,58269000,-319500.0,1500,01-Dec-2022,608.1,2022-11-30T18:30:00.000Z
642f0926e2684b2e0183e624,FUTSTK,SBIN,29-Dec-2022,0.0,XX,N,607.8,611.7,606.55,610.15,610.0,608.6,610.15,10864500,6624310050.0,57298500,-970500.0,1500,02-Dec-2022,607.55,2022-12-01T18:30:00.000Z
642f0b81e2684b2e0137ec59,FUTSTK,SBIN,29-Dec-2022,0.0,XX,N,610.25,618.45,609.15,617.5,617.55,610.15,617.5,19332000,11883080325.0,58240500,942000.0,1500,05-Dec-2022,617.3,2022-12-04T18:30:00.000Z
642f097de2684b2e019f42ca,FUTSTK,SBIN,29-Dec-2022,0.0,XX,N,616.35,620.3,612.1,613.2,613.6,617.5,613.2,18706500,11525204850.0,56619000,-1621500.0,1500,06-Dec-2022,608.95,2022-12-05T18:30:00.000Z
642f0a54e2684b2e01df0e0b,FUTSTK,SBIN,29-Dec-2022,0.0,XX,N,613.3,615.0,605.55,608.05,608.55,613.2,608.05,14529000,8852392575.0,57087000,468000.0,1500,07-Dec-2022,607.05,2022-12-06T18:30:00.000Z
642f0a52e2684b2e01de30a5,FUTSTK,SBIN,29-Dec-2022,0.0,XX,N,608.9,615.55,608.05,613.95,614.25,608.05,613.95,17344500,10624772775.0,58581000,1494000.0,1500,08-Dec-2022,611.65,2022-12-07T18:30:00.000Z
642f0a5be2684b2e01e11ac6,FUTSTK,SBIN,29-Dec-2022,0.0,XX,N,617.1,617.9,608.7,616.45,616.8,613.95,616.45,24354000,14959651575.0,58479000,-102000.0,1500,09-Dec-2022,616.5,2022-12-08T18:30:00.000Z
642f0929e2684b2e0184ec06,FUTSTK,SBIN,29-Dec-2022,0.0,XX,N,615.1,619.25,613.0,614.8,614.7,616.45,614.8,16296000,10028307225.0,58821000,342000.0,1500,12-Dec-2022,613.05,2022-12-11T18:30:00.000Z
642f0b7de2684b2e0136f4da,FUTSTK,SBIN,29-Dec-2022,0.0,XX,N,616.65,619.7,614.5,618.75,618.7,614.8,618.75,17110500,10566559125.0,58267500,-553500.0,1500,13-Dec-2022,616.75,2022-12-12T18:30:00.000Z
642f0a57e2684b2e01dfac9c,FUTSTK,SBIN,29-Dec-2022,0.0,XX,N,619.9,628.0,618.3,626.3,625.75,618.75,626.3,31296000,19554505950.0,60222000,1954500.0,1500,14-Dec-2022,625.5,2022-12-13T18:30:00.000Z
642f092be2684b2e01857cf0,FUTSTK,SBIN,29-Dec-2022,0.0,XX,N,626.2,629.9,613.95,615.15,614.0,626.3,615.15,26518500,16495618425.0,58372500,-1849500.0,1500,15-Dec-2022,615.95,2022-12-14T18:30:00.000Z
642f0a59e2684b2e01e0625b,FUTSTK,SBIN,29-Dec-2022,0.0,XX,N,612.0,615.65,601.4,603.05,604.15,615.15,603.05,25539000,15514459200.0,57888000,-484500.0,1500,16-Dec-2022,603.35,2022-12-15T18:30:00.000Z
642f0a61e2684b2e01e2cf1e,FUTSTK,SBIN,29-Dec-2022,0.0,XX,N,603.6,609.25,602.65,606.55,607.6,603.05,606.55,15069000,9131198025.0,57060000,-828000.0,1500,19-Dec-2022,604.45,2022-12-18T18:30:00.000Z
642f0a5ee2684b2e01e1c789,FUTSTK,SBIN,29-Dec-2022,0.0,XX,N,604.55,607.3,599.8,606.0,606.5,606.55,606.0,15471000,9333805200.0,55000500,-2059500.0,1500,20-Dec-2022,604.45,2022-12-19T18:30:00.000Z
642f097fe2684b2e019fe587,FUTSTK,SBIN,29-Dec-2022,0.0,XX,N,610.5,610.5,590.5,595.7,595.7,606.0,595.7,24625500,14799572925.0,53029500,-1971000.0,1500,21-Dec-2022,593.4,2022-12-20T18:30:00.000Z
642f09e8e2684b2e01befec2,FUTSTK,SBIN,29-Dec-2022,0.0,XX,N,598.9,599.45,588.8,593.7,592.95,595.7,593.7,17149500,10178183850.0,51304500,-1725000.0,1500,22-Dec-2022,593.4,2022-12-21T18:30:00.000Z
642f0b82e2684b2e0138712c,FUTSTK,SBIN,29-Dec-2022,0.0,XX,N,591.5,591.9,573.95,575.3,574.7,593.7,575.3,22021500,12799780200.0,46308000,-4996500.0,1500,23-Dec-2022,574.0,2022-12-22T18:30:00.000Z
642f092de2684b2e01861b15,FUTSTK,SBIN,29-Dec-2022,0.0,XX,N,574.5,600.35,571.65,596.1,595.75,575.3,596.1,32824500,19342752000.0,31948500,-14359500.0,1500,26-Dec-2022,597.1,2022-12-25T18:30:00.000Z
642f0985e2684b2e01a1e658,FUTSTK,SBIN,29-Dec-2022,0.0,XX,N,599.9,602.45,592.75,601.15,601.5,596.1,601.15,26080500,15578094375.0,18889500,-13059000.0,1500,27-Dec-2022,601.9,2022-12-26T18:30:00.000Z
642f0b86e2684b2e01399faf,FUTSTK,SBIN,29-Dec-2022,0.0,XX,N,598.5,606.0,598.45,601.2,601.0,601.15,601.2,18943500,11418170625.0,9771000,-9118500.0,1500,28-Dec-2022,601.05,2022-12-27T18:30:00.000Z
642f0ac1e2684b2e01fed755,FUTSTK,SBIN,29-Dec-2022,0.0,XX,N,599.0,613.8,597.3,610.5,613.7,601.2,611.8,17961000,10863786675.0,4225500,-5545500.0,1500,29-Dec-2022,611.8,2022-12-28T18:30:00.000Z
642f0b85e2684b2e0139474f,FUTSTK,SBIN,25-Jan-2023,0.0,XX,N,618.0,621.55,614.5,617.05,617.3,613.25,617.05,23352000,14428221450.0,50941500,-72000.0,1500,30-Dec-2022,613.7,2022-12-29T18:30:00.000Z
642f049be2684b2e0143daa9,FUTSTK,SBIN,25-Jan-2023,0.0,XX,N,618.9,621.55,613.55,615.25,616.0,617.05,615.25,14115000,8709374775.0,50896500,-45000.0,1500,02-Jan-2023,612.2,2023-01-01T18:30:00.000Z
642f0499e2684b2e01432c38,FUTSTK,SBIN,25-Jan-2023,0.0,XX,N,618.9,621.55,613.55,615.25,616.0,617.05,615.25,14115000,8709374775.0,50896500,-45000.0,1500,02-Jan-2023,612.2,2023-01-01T18:30:00.000Z
642f0459e2684b2e012f10be,FUTSTK,SBIN,25-Jan-2023,0.0,XX,N,616.95,618.65,612.3,615.8,616.2,615.25,615.8,12093000,7450101000.0,51673500,777000.0,1500,03-Jan-2023,612.4,2023-01-02T18:30:00.000Z
642f042de2684b2e0120e496,FUTSTK,SBIN,25-Jan-2023,0.0,XX,N,616.0,617.6,606.25,608.2,608.8,615.8,608.2,16608000,10143086325.0,52480500,807000.0,1500,04-Jan-2023,605.2,2023-01-03T18:30:00.000Z
642f040fe2684b2e0116cb67,FUTSTK,SBIN,25-Jan-2023,0.0,XX,N,609.8,613.65,604.85,608.5,609.15,608.2,608.5,16309500,9933073200.0,52717500,237000.0,1500,05-Jan-2023,605.1,2023-01-04T18:30:00.000Z
642f042fe2684b2e0121bdd0,FUTSTK,SBIN,25-Jan-2023,0.0,XX,N,609.6,610.35,600.0,603.95,604.2,608.5,603.95,16183500,9785066925.0,54267000,1549500.0,1500,06-Jan-2023,600.65,2023-01-05T18:30:00.000Z
642f041be2684b2e011b0223,FUTSTK,SBIN,25-Jan-2023,0.0,XX,N,608.45,612.2,603.05,611.05,611.35,603.95,611.05,16812000,10236748725.0,53545500,-721500.0,1500,09-Jan-2023,607.7,2023-01-08T18:30:00.000Z
642f041de2684b2e011ba27b,FUTSTK,SBIN,25-Jan-2023,0.0,XX,N,610.9,610.95,592.25,597.1,596.95,611.05,597.1,23626500,14147140800.0,54244500,699000.0,1500,10-Jan-2023,595.15,2023-01-09T18:30:00.000Z
642f0431e2684b2e012266c7,FUTSTK,SBIN,25-Jan-2023,0.0,XX,N,597.85,601.2,593.85,598.7,598.7,597.1,598.7,15097500,9032180325.0,52459500,-1785000.0,1500,11-Jan-2023,596.7,2023-01-10T18:30:00.000Z
642f0445e2684b2e0128c756,FUTSTK,SBIN,25-Jan-2023,0.0,XX,N,598.15,600.1,592.35,597.15,597.1,598.7,597.15,11668500,6951522825.0,52656000,196500.0,1500,12-Jan-2023,594.9,2023-01-11T18:30:00.000Z
642f0420e2684b2e011c6dd0,FUTSTK,SBIN,25-Jan-2023,0.0,XX,N,598.35,605.35,595.7,602.85,603.45,597.15,602.85,17800500,10705771800.0,51576000,-1080000.0,1500,13-Jan-2023,600.1,2023-01-12T18:30:00.000Z
642f0485e2684b2e013cfd43,FUTSTK,SBIN,25-Jan-2023,0.0,XX,N,604.55,607.95,602.15,604.55,604.4,602.85,604.55,13105500,7927782300.0,50538000,-1038000.0,1500,16-Jan-2023,603.0,2023-01-15T18:30:00.000Z
642f045ae2684b2e012f9427,FUTSTK,SBIN,25-Jan-2023,0.0,XX,N,603.55,607.45,588.1,594.95,595.2,604.55,594.95,27031500,16133094225.0,53077500,2539500.0,1500,17-Jan-2023,592.95,2023-01-16T18:30:00.000Z
642f0474e2684b2e0137ddfb,FUTSTK,SBIN,25-Jan-2023,0.0,XX,N,594.65,598.15,589.45,593.35,593.2,594.95,593.35,17427000,10336160025.0,53226000,148500.0,1500,18-Jan-2023,591.45,2023-01-17T18:30:00.000Z
642f049ee2684b2e0144cddd,FUTSTK,SBIN,25-Jan-2023,0.0,XX,N,592.05,592.65,588.9,591.15,590.85,593.35,591.15,12411000,7332474150.0,51649500,-1576500.0,1500,19-Jan-2023,589.85,2023-01-18T18:30:00.000Z
642f0489e2684b2e013e461a,FUTSTK,SBIN,25-Jan-2023,0.0,XX,N,593.45,597.35,591.55,593.9,594.35,591.15,593.9,19905000,11851937625.0,42694500,-8955000.0,1500,20-Jan-2023,592.2,2023-01-19T18:30:00.000Z
642f04a1e2684b2e0145d54d,FUTSTK,SBIN,25-Jan-2023,0.0,XX,N,596.45,602.25,593.5,600.95,601.1,593.9,600.95,24483000,14694578625.0,30613500,-12081000.0,1500,23-Jan-2023,600.45,2023-01-22T18:30:00.000Z
642f0447e2684b2e01297c73,FUTSTK,SBIN,25-Jan-2023,0.0,XX,N,602.3,605.0,593.8,595.15,594.0,600.95,595.15,19800000,11861880825.0,21324000,-9289500.0,1500,24-Jan-2023,594.35,2023-01-23T18:30:00.000Z
642f0478e2684b2e013934a4,FUTSTK,SBIN,25-Jan-2023,0.0,XX,N,595.15,595.15,565.6,567.35,566.55,595.15,568.7,33492000,19211294775.0,4690500,-16633500.0,1500,25-Jan-2023,568.7,2023-01-24T18:30:00.000Z
642f0422e2684b2e011d4795,FUTSTK,SBIN,23-Feb-2023,0.0,XX,N,571.05,571.6,536.0,543.85,545.15,571.55,543.85,58854000,32504610600.0,70059000,11070000.0,1500,27-Jan-2023,539.95,2023-01-26T18:30:00.000Z
642f0411e2684b2e0117a499,FUTSTK,SBIN,23-Feb-2023,0.0,XX,N,537.95,557.9,529.0,542.65,544.95,543.85,542.65,66637500,36066230625.0,79197000,9138000.0,1500,30-Jan-2023,538.2,2023-01-29T18:30:00.000Z
642f0412e2684b2e0117cade,FUTSTK,SBIN,23-Feb-2023,0.0,XX,N,546.95,561.25,541.3,558.6,561.2,542.65,558.6,47965500,26554644300.0,77493000,-1704000.0,1500,31-Jan-2023,553.5,2023-01-30T18:30:00.000Z
642f0433e2684b2e0122f7a1,FUTSTK,SBIN,23-Feb-2023,0.0,XX,N,563.5,568.75,502.75,530.25,529.5,558.6,530.25,98626500,53704478700.0,82305000,4812000.0,1500,01-Feb-2023,527.35,2023-01-31T18:30:00.000Z
642f04a3e2684b2e0146896a,FUTSTK,SBIN,23-Feb-2023,0.0,XX,N,525.6,535.95,505.6,532.0,535.75,530.25,532.0,75909000,39823254900.0,88245000,5940000.0,1500,02-Feb-2023,528.1,2023-02-01T18:30:00.000Z
642f0415e2684b2e0118ea24,FUTSTK,SBIN,23-Feb-2023,0.0,XX,N,538.35,548.0,521.1,546.3,547.5,532.0,546.3,69213000,37184998425.0,88012500,-232500.0,1500,03-Feb-2023,544.2,2023-02-02T18:30:00.000Z
642f0424e2684b2e011df66e,FUTSTK,SBIN,23-Feb-2023,0.0,XX,N,551.3,559.0,537.65,546.2,544.8,546.3,546.2,49272000,26926250850.0,84922500,-3090000.0,1500,06-Feb-2023,545.4,2023-02-05T18:30:00.000Z
642f045ce2684b2e013050a7,FUTSTK,SBIN,23-Feb-2023,0.0,XX,N,544.8,553.5,543.0,548.7,548.5,546.2,548.7,31893000,17501014950.0,85038000,115500.0,1500,07-Feb-2023,547.1,2023-02-06T18:30:00.000Z
642f044be2684b2e012a9689,FUTSTK,SBIN,23-Feb-2023,0.0,XX,N,551.4,555.4,546.25,551.15,551.6,548.7,551.15,29262000,16119779400.0,82537500,-2500500.0,1500,08-Feb-2023,549.75,2023-02-07T18:30:00.000Z
642f048ae2684b2e013ea497,FUTSTK,SBIN,23-Feb-2023,0.0,XX,N,548.35,552.6,543.45,551.7,552.0,551.15,551.7,23142000,12695128650.0,79473000,-3064500.0,1500,09-Feb-2023,550.8,2023-02-08T18:30:00.000Z
642f0436e2684b2e0123db97,FUTSTK,SBIN,23-Feb-2023,0.0,XX,N,550.0,558.5,548.0,553.6,553.4,551.7,553.6,22606500,12539663025.0,76051500,-3421500.0,1500,10-Feb-2023,553.05,2023-02-09T18:30:00.000Z
642f048ee2684b2e013f9c2c,FUTSTK,SBIN,23-Feb-2023,0.0,XX,N,554.3,557.2,534.9,537.8,537.35,553.6,537.8,31063500,16811089275.0,79734000,3682500.0,1500,13-Feb-2023,537.5,2023-02-12T18:30:00.000Z
642f0439e2684b2e0124eef6,FUTSTK,SBIN,23-Feb-2023,0.0,XX,N,539.6,546.35,532.4,542.4,542.4,537.8,542.4,28044000,15119625000.0,79512000,-103500.0,1500,14-Feb-2023,540.85,2023-02-13T18:30:00.000Z
642f047be2684b2e0139f063,FUTSTK,SBIN,23-Feb-2023,0.0,XX,N,540.75,545.8,538.15,544.15,544.6,542.4,544.15,18697500,10155938100.0,78822000,-690000.0,1500,15-Feb-2023,542.25,2023-02-14T18:30:00.000Z
642f044de2684b2e012b697f,FUTSTK,SBIN,23-Feb-2023,0.0,XX,N,548.05,548.05,540.5,541.45,541.0,544.15,541.45,16716000,9092448375.0,79989000,1167000.0,1500,16-Feb-2023,540.1,2023-02-15T18:30:00.000Z
642f043ae2684b2e01256ca6,FUTSTK,SBIN,23-Feb-2023,0.0,XX,N,538.4,540.3,527.75,531.45,530.55,541.45,531.45,31152000,16610724975.0,77772000,-2217000.0,1500,17-Feb-2023,531.0,2023-02-16T18:30:00.000Z
642f044fe2684b2e012bc9bc,FUTSTK,SBIN,23-Feb-2023,0.0,XX,N,531.75,533.7,523.35,526.5,526.6,531.45,526.5,40761000,21533453250.0,61564500,-16207500.0,1500,20-Feb-2023,525.15,2023-02-19T18:30:00.000Z
642f045fe2684b2e013108b1,FUTSTK,SBIN,23-Feb-2023,0.0,XX,N,527.5,529.5,522.4,523.7,523.55,526.5,523.7,29203500,15361022325.0,49090500,-12474000.0,1500,21-Feb-2023,523.45,2023-02-20T18:30:00.000Z
642f0425e2684b2e011e6228,FUTSTK,SBIN,23-Feb-2023,0.0,XX,N,520.35,521.9,512.15,516.15,516.55,523.7,516.15,31716000,16388992200.0,30822000,-18268500.0,1500,22-Feb-2023,516.35,2023-02-21T18:30:00.000Z
642f048fe2684b2e013ff125,FUTSTK,SBIN,23-Feb-2023,0.0,XX,N,516.45,522.05,511.2,519.35,520.2,516.15,521.0,40876500,21176248200.0,6706500,-24115500.0,1500,23-Feb-2023,521.0,2023-02-22T18:30:00.000Z
642f047be2684b2e0139f6ba,FUTSTK,SBIN,29-Mar-2023,0.0,XX,N,526.05,529.75,520.35,523.6,523.8,523.3,523.6,24100500,12650010075.0,86625000,-298500.0,1500,24-Feb-2023,521.05,2023-02-23T18:30:00.000Z
642f0463e2684b2e013257db,FUTSTK,SBIN,29-Mar-2023,0.0,XX,N,520.2,531.6,520.1,530.75,530.75,523.6,530.75,22561500,11905375950.0,84621000,-2004000.0,1500,27-Feb-2023,527.7,2023-02-26T18:30:00.000Z
642f0452e2684b2e012cd84e,FUTSTK,SBIN,29-Mar-2023,0.0,XX,N,530.35,531.65,524.25,526.35,526.45,530.75,526.35,19380000,10219632225.0,83893500,-727500.0,1500,28-Feb-2023,522.8,2023-02-27T18:30:00.000Z
642f0492e2684b2e0140e966,FUTSTK,SBIN,29-Mar-2023,0.0,XX,N,525.55,539.65,525.5,538.9,538.5,526.35,538.9,27007500,14446849650.0,81090000,-2803500.0,1500,01-Mar-2023,536.7,2023-02-28T18:30:00.000Z
642f043de2684b2e01264054,FUTSTK,SBIN,29-Mar-2023,0.0,XX,N,538.6,543.05,534.8,537.25,537.05,538.9,537.25,24763500,13334634900.0,79095000,-1995000.0,1500,02-Mar-2023,533.75,2023-03-01T18:30:00.000Z
642f047fe2684b2e013b2cbb,FUTSTK,SBIN,29-Mar-2023,0.0,XX,N,540.95,567.55,540.9,563.25,562.8,537.25,563.25,58102500,32505710475.0,76332000,-2763000.0,1500,03-Mar-2023,561.2,2023-03-02T18:30:00.000Z
642f043ee2684b2e0126cc48,FUTSTK,SBIN,29-Mar-2023,0.0,XX,N,566.25,569.7,561.15,563.3,563.7,563.25,563.3,23607000,13347882000.0,72202500,-4129500.0,1500,06-Mar-2023,561.7,2023-03-05T18:30:00.000Z
642f0454e2684b2e012db75c,FUTSTK,SBIN,29-Mar-2023,0.0,XX,N,560.0,566.65,557.8,566.05,566.0,563.3,566.05,21408000,12038507250.0,70201500,-2001000.0,1500,08-Mar-2023,564.8,2023-03-07T18:30:00.000Z
642f0464e2684b2e0132b2f8,FUTSTK,SBIN,29-Mar-2023,0.0,XX,N,565.95,567.0,561.0,561.5,561.3,566.05,561.5,14403000,8110640475.0,67719000,-2482500.0,1500,09-Mar-2023,558.9,2023-03-08T18:30:00.000Z
642f0481e2684b2e013bbeec,FUTSTK,SBIN,29-Mar-2023,0.0,XX,N,556.8,557.45,546.3,548.9,549.0,561.5,548.9,25380000,13964912325.0,68337000,618000.0,1500,10-Mar-2023,547.35,2023-03-09T18:30:00.000Z
642f0440e2684b2e012748de,FUTSTK,SBIN,29-Mar-2023,0.0,XX,N,551.5,555.1,530.5,532.05,532.35,548.9,532.05,31728000,17201113050.0,67245000,-1092000.0,1500,13-Mar-2023,530.0,2023-03-12T18:30:00.000Z
642f0429e2684b2e011f7979,FUTSTK,SBIN,29-Mar-2023,0.0,XX,N,528.4,534.2,521.25,528.2,529.05,532.05,528.2,31920000,16834182525.0,68250000,1005000.0,1500,14-Mar-2023,525.4,2023-03-13T18:30:00.000Z
642f0418e2684b2e0119d923,FUTSTK,SBIN,29-Mar-2023,0.0,XX,N,532.2,533.65,516.7,518.6,518.1,528.2,518.6,20752500,10907981475.0,68754000,504000.0,1500,15-Mar-2023,517.55,2023-03-14T18:30:00.000Z
642f04a4e2684b2e0146efe7,FUTSTK,SBIN,29-Mar-2023,0.0,XX,N,519.25,531.75,515.6,527.45,528.65,518.6,527.45,35869500,18779233425.0,70606500,1852500.0,1500,16-Mar-2023,524.5,2023-03-15T18:30:00.000Z
642f0466e2684b2e013383a2,FUTSTK,SBIN,29-Mar-2023,0.0,XX,N,530.5,533.0,522.7,531.25,532.6,527.45,531.25,24520500,12951522450.0,70261500,-345000.0,1500,17-Mar-2023,529.8,2023-03-16T18:30:00.000Z
642f0494e2684b2e014167c2,FUTSTK,SBIN,29-Mar-2023,0.0,XX,N,528.45,530.9,516.35,521.8,522.6,531.25,521.8,25767000,13433370375.0,73047000,2785500.0,1500,20-Mar-2023,519.2,2023-03-19T18:30:00.000Z
642f0456e2684b2e012e54a3,FUTSTK,SBIN,29-Mar-2023,0.0,XX,N,524.7,526.2,518.8,524.7,524.4,521.8,524.7,30658500,16035608400.0,75918000,2871000.0,1500,21-Mar-2023,521.85,2023-03-20T18:30:00.000Z
642f0419e2684b2e011a56dd,FUTSTK,SBIN,29-Mar-2023,0.0,XX,N,524.6,528.9,522.5,523.9,523.55,524.7,523.9,22536000,11848536825.0,74365500,-1552500.0,1500,22-Mar-2023,521.55,2023-03-21T18:30:00.000Z
642f0468e2684b2e0134275a,FUTSTK,SBIN,29-Mar-2023,0.0,XX,N,520.55,522.9,512.6,514.15,512.95,523.9,514.15,32452500,16827409500.0,72546000,-1819500.0,1500,23-Mar-2023,512.75,2023-03-22T18:30:00.000Z
642f042be2684b2e01203ff3,FUTSTK,SBIN,29-Mar-2023,0.0,XX,N,514.55,515.85,503.95,506.05,505.25,514.15,506.05,28758000,14695216725.0,65325000,-7221000.0,1500,24-Mar-2023,505.35,2023-03-23T18:30:00.000Z
642f046ce2684b2e01354a4d,FUTSTK,SBIN,29-Mar-2023,0.0,XX,N,507.5,515.25,502.8,511.35,510.4,506.05,511.35,42730500,21813760725.0,43005000,-22320000.0,1500,27-Mar-2023,510.15,2023-03-26T18:30:00.000Z
642f046de2684b2e0135dc22,FUTSTK,SBIN,29-Mar-2023,0.0,XX,N,512.05,512.15,504.85,508.55,509.15,511.35,508.55,30123000,15332783325.0,26160000,-16845000.0,1500,28-Mar-2023,508.1,2023-03-27T18:30:00.000Z
642f046fe2684b2e01364d63,FUTSTK,SBIN,29-Mar-2023,0.0,XX,N,508.75,517.4,506.75,515.7,517.4,508.55,516.5,37023000,18921834900.0,5811000,-20349000.0,1500,29-Mar-2023,516.5,2023-03-28T18:30:00.000Z
642f0482e2684b2e013c2a68,FUTSTK,SBIN,27-Apr-2023,0.0,XX,N,517.0,527.4,517.0,525.9,525.15,519.8,525.9,24453000,12843044175.0,80316000,-423000.0,1500,31-Mar-2023,523.75,2023-03-30T18:30:00.000Z
642f0443e2684b2e01285f4a,FUTSTK,SBIN,27-Apr-2023,0.0,XX,N,526.3,530.3,524.0,529.05,529.1,525.9,529.05,17343000,9157799475.0,79065000,-1251000.0,1500,03-Apr-2023,526.75,2023-04-02T18:30:00.000Z
642f0472e2684b2e01373c06,FUTSTK,SBIN,27-Apr-2023,0.0,XX,N,527.75,529.55,521.25,524.95,525.15,529.05,524.95,21096000,11066992125.0,80884500,1819500.0,1500,05-Apr-2023,523.0,2023-04-04T18:30:00.000Z
642f0497e2684b2e0142b693,FUTSTK,SBIN,27-Apr-2023,0.0,XX,N,525.05,534.95,523.45,529.35,529.25,524.95,529.35,32620500,17311786800.0,78384000,-2500500.0,1500,06-Apr-2023,527.65,2023-04-05T18:30:00.000Z
64340ac5e2684b2e01047ae5,FUTSTK,SBIN,27-Apr-2023,0.0,XX,N,529.8,531.5,527.0,527.95,527.6,529.35,527.95,14542500,7692085725.0,78073500,-310500.0,1500,10-Apr-2023,526.3,2023-04-09T18:30:00.000Z
64355983e2684b2e011dc2fe,FUTSTK,SBIN,27-Apr-2023,0.0,XX,N,531.9,537.1,528.65,533.55,533.7,527.95,533.55,29106000,15557535375.0,74595000,-3478500.0,1500,11-Apr-2023,532.1,2023-04-10T18:30:00.000Z
6436a932e2684b2e01384605,FUTSTK,SBIN,27-Apr-2023,0.0,XX,N,534.65,535.0,528.05,529.75,530.2,533.55,529.75,17253000,9159393750.0,76953000,2358000.0,1500,12-Apr-2023,528.2,2023-04-11T18:30:00.000Z
643809e28aff4802ed0c8a32,FUTSTK,SBIN,27-Apr-2023,0.0,XX,N,530.2,535.75,528.65,534.75,534.9,529.75,534.75,31176000,16597437000.0,75058500,-1894500.0,1500,13-Apr-2023,648.55,2023-04-12T18:30:00.000Z
643d65c9bf190328719a3224,FUTSTK,SBIN,27-Apr-2023,0.0,XX,N,532.1,546.7,531.5,546.05,546.1,534.75,546.05,41626500,22515240825.0,75549000,490500.0,1500,17-Apr-2023,544.0,2023-04-16T18:30:00.000Z
643ea84abf19032871b2569e,FUTSTK,SBIN,27-Apr-2023,0.0,XX,N,546.9,548.7,540.7,546.3,545.9,546.05,546.3,28162500,15368215350.0,71019000,-4530000.0,1500,18-Apr-2023,545.85,2023-04-17T18:30:00.000Z
643feac5bf19032871ce29b1,FUTSTK,SBIN,27-Apr-2023,0.0,XX,N,546.4,547.75,539.3,540.65,540.1,546.3,540.65,17635500,9581117625.0,69877500,-1141500.0,1500,19-Apr-2023,540.3,2023-04-18T18:30:00.000Z
644149f7bf190328711fb7cb,FUTSTK,SBIN,27-Apr-2023,0.0,XX,N,540.25,545.4,538.05,544.85,544.5,540.65,544.85,17944500,9726900075.0,68088000,-1789500.0,1500,20-Apr-2023,544.8,2023-04-19T18:30:00.000Z
64428e4fbf1903287138288d,FUTSTK,SBIN,27-Apr-2023,0.0,XX,N,545.8,546.55,539.55,542.95,541.8,544.85,542.95,17179500,9318030225.0,64380000,-3708000.0,1500,21-Apr-2023,543.15,2023-04-20T18:30:00.000Z
64468008bf190328718bc1eb,FUTSTK,SBIN,27-Apr-2023,0.0,XX,N,546.0,554.9,543.05,554.05,554.5,542.95,554.05,43191000,23755502400.0,49344000,-15036000.0,1500,24-Apr-2023,554.6,2023-04-23T18:30:00.000Z
6447e0fbbf19032871a4f86e,FUTSTK,SBIN,27-Apr-2023,0.0,XX,N,555.0,567.0,554.35,561.85,561.5,554.05,561.85,43261500,24298674375.0,34738500,-14605500.0,1500,25-Apr-2023,561.8,2023-04-24T18:30:00.000Z
64492312bf19032871c18d4a,FUTSTK,SBIN,27-Apr-2023,0.0,XX,N,561.75,565.8,556.8,565.25,565.15,561.85,565.25,26598000,14954925750.0,24283500,-10455000.0,1500,26-Apr-2023,566.35,2023-04-25T18:30:00.000Z
644a7847bf19032871db1733,FUTSTK,SBIN,27-Apr-2023,0.0,XX,N,564.95,566.8,560.25,563.25,563.0,565.25,564.75,23488500,13221648300.0,12829500,-11454000.0,1500,27-Apr-2023,564.75,2023-04-26T18:30:00.000Z
644bceafbf19032871f71a53,FUTSTK,SBIN,25-May-2023,0.0,XX,N,568.1,577.65,566.4,575.95,575.75,564.95,575.95,22368000,12804393600.0,53853000,-1500000.0,1500,28-Apr-2023,578.3,2023-04-27T18:30:00.000Z
64511fb92fe10bc5ea2b1e09,FUTSTK,SBIN,25-May-2023,0.0,XX,N,577.65,579.0,574.65,575.65,575.85,575.95,575.65,13869000,7998571725.0,53946000,93000.0,1500,02-May-2023,575.3,2023-05-01T18:30:00.000Z
64525fc02fe10bc5ea49fa60,FUTSTK,SBIN,25-May-2023,0.0,XX,N,573.8,575.6,570.15,571.2,571.3,575.65,571.2,14697000,8414840550.0,55017000,1071000.0,1500,03-May-2023,570.5,2023-05-02T18:30:00.000Z
6453bdd12fe10bc5ea6cf1ae,FUTSTK,SBIN,25-May-2023,0.0,XX,N,565.2,580.9,565.15,580.35,580.25,571.2,580.35,19147500,11056467900.0,56893500,1876500.0,1500,04-May-2023,580.0,2023-05-03T18:30:00.000Z
6455024e2fe10bc5ea919471,FUTSTK,SBIN,25-May-2023,0.0,XX,N,581.5,588.6,577.5,578.95,579.3,580.35,578.95,34005000,19830888900.0,55218000,-1675500.0,1500,05-May-2023,576.5,2023-05-04T18:30:00.000Z
6458fac42fe10bc5eaf1f90c,FUTSTK,SBIN,25-May-2023,0.0,XX,N,581.0,589.2,578.1,585.0,585.45,578.95,585.0,27915000,16278965700.0,56266500,1048500.0,1500,08-May-2023,583.6,2023-05-07T18:30:00.000Z
645a51392fe10bc5ea13012f,FUTSTK,SBIN,25-May-2023,0.0,XX,N,586.05,587.4,575.05,576.25,576.0,585.0,576.25,29938500,17348933100.0,57504000,1237500.0,1500,09-May-2023,573.5,2023-05-08T18:30:00.000Z
645b9bb72fe10bc5ea3279a1,FUTSTK,SBIN,25-May-2023,0.0,XX,N,575.25,575.9,565.55,574.8,574.5,576.25,574.8,34309500,19605916575.0,58995000,1491000.0,1500,10-May-2023,572.2,2023-05-09T18:30:00.000Z
645ceb912fe10bc5ea53e74b,FUTSTK,SBIN,25-May-2023,0.0,XX,N,574.5,579.75,571.7,575.4,575.65,574.8,575.4,16398000,9453304500.0,59581500,586500.0,1500,11-May-2023,573.45,2023-05-10T18:30:00.000Z
645e3eb82fe10bc5ea74d903,FUTSTK,SBIN,25-May-2023,0.0,XX,N,575.15,582.8,572.75,580.4,580.85,575.4,580.4,17212500,9962986425.0,59058000,-523500.0,1500,12-May-2023,578.15,2023-05-11T18:30:00.000Z
6463591ff0912e8f612c7c50,FUTSTK,SBIN,25-May-2023,0.0,XX,N,580.45,585.95,576.4,584.1,584.1,580.4,584.1,17325000,10098566475.0,59026500,-31500.0,1500,15-May-2023,581.9,2023-05-14T18:30:00.000Z
646384cbf0912e8f6131d5b9,FUTSTK,SBIN,25-May-2023,0.0,XX,N,584.6,592.25,583.1,588.05,588.0,584.1,588.05,29238000,17193159525.0,59406000,379500.0,1500,16-May-2023,586.3,2023-05-15T18:30:00.000Z
6464d3e9f0912e8f61540a83,FUTSTK,SBIN,25-May-2023,0.0,XX,N,581.9,591.7,580.7,588.05,588.7,588.05,588.05,35568000,20842984800.0,58497000,-909000.0,1500,17-May-2023,586.3,2023-05-16T18:30:00.000Z
6466327ef0912e8f6175d826,FUTSTK,SBIN,25-May-2023,0.0,XX,N,591.4,593.5,572.05,574.75,577.0,588.05,574.75,102252000,59634640125.0,59473500,976500.0,1500,18-May-2023,574.2,2023-05-17T18:30:00.000Z
6467739df0912e8f619484ef,FUTSTK,SBIN,25-May-2023,0.0,XX,N,578.15,586.7,570.8,576.2,576.3,574.75,576.2,56851500,32851695600.0,53940000,-5533500.0,1500,19-May-2023,575.15,2023-05-18T18:30:00.000Z
646b681bf0912e8f61f21ad5,FUTSTK,SBIN,25-May-2023,0.0,XX,N,576.85,580.15,573.65,577.35,576.65,576.2,577.35,29707500,17147349225.0,44263500,-9676500.0,1500,22-May-2023,577.15,2023-05-21T18:30:00.000Z
646cbce7f0912e8f6114c96c,FUTSTK,SBIN,25-May-2023,0.0,XX,N,577.7,583.95,576.85,582.2,581.7,577.35,582.2,33802500,19631653875.0,29715000,-14548500.0,1500,23-May-2023,581.6,2023-05-22T18:30:00.000Z
646e0ef6f0912e8f61353f3b,FUTSTK,SBIN,25-May-2023,0.0,XX,N,580.65,585.0,579.0,582.6,581.55,582.2,582.6,29626500,17276649750.0,13566000,-16149000.0,1500,24-May-2023,582.7,2023-05-23T18:30:00.000Z
646f6614f0912e8f6155bc3d,FUTSTK,SBIN,25-May-2023,0.0,XX,N,582.4,582.6,576.9,580.95,580.7,582.6,581.25,22819500,13226922900.0,3297000,-10269000.0,1500,25-May-2023,581.25,2023-05-24T18:30:00.000Z
6470ae6ef0912e8f617918da,FUTSTK,SBIN,29-Jun-2023,0.0,XX,N,574.65,580.4,574.05,578.8,579.25,574.5,578.8,18655500,10785221250.0,69831000,-1782000.0,1500,26-May-2023,586.0,2023-05-25T18:30:00.000Z
6474a64af0912e8f61e9e1e0,FUTSTK,SBIN,29-Jun-2023,0.0,XX,N,595.1,595.1,580.15,586.55,586.5,578.8,586.55,25350000,14827585125.0,67482000,-2349000.0,1500,29-May-2023,595.0,2023-05-28T18:30:00.000Z
6475ef63f0912e8f610a7eb0,FUTSTK,SBIN,29-Jun-2023,0.0,XX,N,586.9,587.95,583.5,585.1,585.25,586.55,585.1,15297000,8955779775.0,66790500,-691500.0,1500,30-May-2023,592.8,2023-05-29T18:30:00.000Z
64774c10f0912e8f612dd021,FUTSTK,SBIN,29-Jun-2023,0.0,XX,N,585.65,587.85,581.6,584.0,584.85,585.1,584.0,28137000,16446377175.0,64860000,-1930500.0,1500,31-May-2023,579.85,2023-05-30T18:30:00.000Z
6478a0c9f0912e8f614fc3c8,FUTSTK,SBIN,29-Jun-2023,0.0,XX,N,585.9,589.1,584.05,585.5,586.0,584.0,585.5,16417500,9632400600.0,63171000,-1689000.0,1500,01-Jun-2023,582.75,2023-05-31T18:30:00.000Z
6479f1d2f0912e8f61725495,FUTSTK,SBIN,29-Jun-2023,0.0,XX,N,586.95,591.8,585.15,589.95,589.2,585.5,589.95,19152000,11286943500.0,61360500,-1810500.0,1500,02-Jun-2023,587.2,2023-06-01T18:30:00.000Z
647dde07f0912e8f613462f9,FUTSTK,SBIN,29-Jun-2023,0.0,XX,N,590.85,592.2,588.4,589.65,589.4,589.95,589.65,12546000,7406198325.0,59802000,-1558500.0,1500,05-Jun-2023,587.2,2023-06-04T18:30:00.000Z
647f3220f0912e8f61559733,FUTSTK,SBIN,29-Jun-2023,0.0,XX,N,589.6,590.85,585.5,588.4,588.6,589.65,588.4,9630000,5661686325.0,60073500,271500.0,1500,06-Jun-2023,585.35,2023-06-05T18:30:00.000Z
64807bc9f0912e8f617654a9,FUTSTK,SBIN,29-Jun-2023,0.0,XX,N,590.1,593.1,588.6,591.35,591.3,588.4,591.35,11743500,6940693500.0,60265500,192000.0,1500,07-Jun-2023,589.2,2023-06-06T18:30:00.000Z
6481e78df0912e8f619c51d5,FUTSTK,SBIN,29-Jun-2023,0.0,XX,N,591.0,596.5,589.95,591.35,591.25,591.35,591.35,23998500,14242134525.0,56755500,-3510000.0,1500,08-Jun-2023,588.5,2023-06-07T18:30:00.000Z
6483283df0912e8f61bc59a8,FUTSTK,SBIN,29-Jun-2023,0.0,XX,N,590.7,591.35,579.4,581.8,581.7,591.35,581.8,25543500,14910971100.0,62803500,6048000.0,1500,09-Jun-2023,578.7,2023-06-08T18:30:00.000Z
64871cabf0912e8f611a6459,FUTSTK,SBIN,29-Jun-2023,0.0,XX,N,581.6,583.7,579.7,581.75,581.0,581.8,581.75,11592000,6744184575.0,62055000,-748500.0,1500,12-Jun-2023,578.65,2023-06-11T18:30:00.000Z
64887363f0912e8f613df180,FUTSTK,SBIN,29-Jun-2023,0.0,XX,N,582.75,583.75,577.2,579.3,579.25,581.75,579.3,15429000,8941350975.0,66210000,4155000.0,1500,13-Jun-2023,576.4,2023-06-12T18:30:00.000Z
6489bd5ff0912e8f615ec23b,FUTSTK,SBIN,29-Jun-2023,0.0,XX,N,578.7,580.9,577.6,579.0,578.5,579.3,579.0,11473500,6648351900.0,66978000,768000.0,1500,14-Jun-2023,576.55,2023-06-13T18:30:00.000Z
648b11c1f0912e8f617fe715,FUTSTK,SBIN,29-Jun-2023,0.0,XX,N,577.7,578.75,567.65,568.7,568.15,579.0,568.7,23164500,13283154675.0,69970500,2992500.0,1500,15-Jun-2023,566.5,2023-06-14T18:30:00.000Z
648c5ac4f0912e8f61a06047,FUTSTK,SBIN,29-Jun-2023,0.0,XX,N,569.45,577.5,568.25,573.6,572.7,568.7,573.6,23700000,13583643075.0,68046000,-1924500.0,1500,16-Jun-2023,571.25,2023-06-15T18:30:00.000Z
64905b7df0912e8f6101da13,FUTSTK,SBIN,29-Jun-2023,0.0,XX,N,573.55,574.5,568.15,571.4,571.5,573.6,571.4,26268000,14993975025.0,67828500,-217500.0,1500,19-Jun-2023,568.85,2023-06-18T18:30:00.000Z
6491a770f0912e8f612425f7,FUTSTK,SBIN,29-Jun-2023,0.0,XX,N,570.35,571.1,564.3,569.5,569.95,571.4,569.5,21540000,12234244500.0,67185000,-643500.0,1500,20-Jun-2023,567.4,2023-06-19T18:30:00.000Z
6492f607f0912e8f61479f71,FUTSTK,SBIN,29-Jun-2023,0.0,XX,N,569.0,571.2,567.65,568.45,568.45,569.5,568.45,17742000,10101493275.0,66979500,-205500.0,1500,21-Jun-2023,566.35,2023-06-20T18:30:00.000Z
6494535bf0912e8f616bfe99,FUTSTK,SBIN,29-Jun-2023,0.0,XX,N,568.4,570.5,561.95,564.6,564.2,568.45,564.6,20217000,11441725275.0,66523500,-456000.0,1500,22-Jun-2023,562.95,2023-06-21T18:30:00.000Z
64959993f0912e8f618c0c64,FUTSTK,SBIN,29-Jun-2023,0.0,XX,N,563.0,563.0,555.1,555.95,555.5,564.6,555.95,31387500,17514799050.0,56746500,-9777000.0,1500,23-Jun-2023,554.6,2023-06-22T18:30:00.000Z
6499a607f0912e8f61efb031,FUTSTK,SBIN,29-Jun-2023,0.0,XX,N,557.35,558.7,554.95,557.55,557.4,555.95,557.55,29952000,16686378825.0,40024500,-16722000.0,1500,26-Jun-2023,557.05,2023-06-25T18:30:00.000Z
649af781f0912e8f6112d784,FUTSTK,SBIN,29-Jun-2023,0.0,XX,N,557.9,567.65,556.3,566.2,567.0,557.55,566.2,30315000,16989894450.0,22606500,-17418000.0,1500,27-Jun-2023,566.1,2023-06-26T18:30:00.000Z
649f076cf0912e8f61848841,FUTSTK,SBIN,27-Jul-2023,0.0,XX,N,575.05,577.2,573.4,575.75,575.5,573.6,575.75,16167000,9302312775.0,76221000,1663500.0,1500,30-Jun-2023,572.85,2023-06-29T18:30:00.000Z
64a2cae06224e73d0efb6d79,FUTSTK,SBIN,27-Jul-2023,0.0,XX,N,577.15,590.35,577.15,589.25,589.4,575.75,589.25,33679500,19695899925.0,73594500,-2626500.0,1500,03-Jul-2023,585.45,2023-07-02T18:30:00.000Z
64a439fd6224e73d0e24c422,FUTSTK,SBIN,27-Jul-2023,0.0,XX,N,591.0,599.7,584.55,591.95,591.85,589.25,591.95,44223000,26249513400.0,76044000,2449500.0,1500,04-Jul-2023,589.25,2023-07-03T18:30:00.000Z
64a56c056224e73d0e4a3d9a,FUTSTK,SBIN,27-Jul-2023,0.0,XX,N,591.0,595.8,590.65,593.35,593.4,591.95,593.35,18091500,10733845650.0,75805500,-238500.0,1500,05-Jul-2023,590.6,2023-07-04T18:30:00.000Z
64a6ca366224e73d0e705211,FUTSTK,SBIN,27-Jul-2023,0.0,XX,N,592.0,596.65,592.0,594.7,594.5,593.35,594.7,16449000,9780438075.0,74502000,-1303500.0,1500,06-Jul-2023,592.5,2023-07-05T18:30:00.000Z
64a80c546224e73d0e949a2d,FUTSTK,SBIN,27-Jul-2023,0.0,XX,N,591.45,599.2,587.85,597.0,596.4,594.7,597.0,26839500,15934692975.0,74533500,31500.0,1500,07-Jul-2023,593.6,2023-07-06T18:30:00.000Z
64ac0cef6224e73d0e0463a3,FUTSTK,SBIN,27-Jul-2023,0.0,XX,N,597.7,602.95,592.6,595.0,594.3,597.0,595.0,24570000,14696240775.0,76015500,1482000.0,1500,10-Jul-2023,592.6,2023-07-09T18:30:00.000Z
64ad595a6224e73d0e2a229b,FUTSTK,SBIN,27-Jul-2023,0.0,XX,N,597.35,597.9,589.5,590.6,590.25,595.0,590.6,19971000,11842599900.0,76887000,871500.0,1500,11-Jul-2023,588.55,2023-07-10T18:30:00.000Z
64aea8f46224e73d0e4f5600,FUTSTK,SBIN,27-Jul-2023,0.0,XX,N,591.7,595.9,590.35,592.2,592.2,590.6,592.2,21219000,12583265550.0,74817000,-2070000.0,1500,12-Jul-2023,589.25,2023-07-11T18:30:00.000Z
64b022ce6224e73d0e7908d7,FUTSTK,SBIN,27-Jul-2023,0.0,XX,N,595.15,599.0,584.1,586.4,586.6,592.2,586.4,33988500,20103358800.0,73810500,-1006500.0,1500,13-Jul-2023,585.65,2023-07-12T18:30:00.000Z
64b14e586224e73d0e97f2a3,FUTSTK,SBIN,27-Jul-2023,0.0,XX,N,587.05,591.9,582.3,586.4,587.0,586.4,586.4,22807500,13371766275.0,72672000,-1138500.0,1500,14-Jul-2023,584.4,2023-07-13T18:30:00.000Z
64b53f866224e73d0efd8081,FUTSTK,SBIN,27-Jul-2023,0.0,XX,N,588.25,604.95,585.35,603.65,604.4,586.4,603.65,37416000,22342982775.0,75720000,3048000.0,1500,17-Jul-2023,601.1,2023-07-16T18:30:00.000Z
64b695c46224e73d0e2728c5,FUTSTK,SBIN,27-Jul-2023,0.0,XX,N,604.0,605.4,590.0,593.7,593.45,603.65,593.7,37231500,22293774600.0,74175000,-1545000.0,1500,18-Jul-2023,592.35,2023-07-17T18:30:00.000Z
64b7e4606224e73d0e4b1cef,FUTSTK,SBIN,27-Jul-2023,0.0,XX,N,593.6,603.3,592.95,602.4,602.15,593.7,602.4,24877500,14916377100.0,71518500,-2656500.0,1500,19-Jul-2023,601.45,2023-07-18T18:30:00.000Z
64b944e16224e73d0e724413,FUTSTK,SBIN,27-Jul-2023,0.0,XX,N,602.35,610.65,600.1,609.95,610.15,602.4,609.95,38010000,23092520250.0,67725000,-3793500.0,1500,20-Jul-2023,610.05,2023-07-19T18:30:00.000Z
64ba8a3a6224e73d0e974673,FUTSTK,SBIN,27-Jul-2023,0.0,XX,N,607.8,619.8,607.8,615.2,616.1,609.95,615.2,36966000,22777135275.0,61950000,-5775000.0,1500,21-Jul-2023,615.1,2023-07-20T18:30:00.000Z
64be85d56224e73d0e013cdf,FUTSTK,SBIN,27-Jul-2023,0.0,XX,N,615.5,623.55,615.5,618.9,618.7,615.2,618.9,32743500,20285053350.0,53442000,-8508000.0,1500,24-Jul-2023,617.65,2023-07-23T18:30:00.000Z
64bfced86224e73d0e24ff30,FUTSTK,SBIN,27-Jul-2023,0.0,XX,N,620.15,621.75,605.55,610.85,611.3,618.9,610.85,40321500,24669795750.0,34525500,-18916500.0,1500,25-Jul-2023,609.6,2023-07-24T18:30:00.000Z
64c1250e6224e73d0e4b01cb,FUTSTK,SBIN,27-Jul-2023,0.0,XX,N,612.2,617.45,609.7,615.95,615.95,610.85,615.95,22135500,13598747550.0,24406500,-10119000.0,1500,26-Jul-2023,615.15,2023-07-25T18:30:00.000Z
64c2966c6224e73d0e75d3aa,FUTSTK,SBIN,27-Jul-2023,0.0,XX,N,616.2,621.75,613.7,616.6,616.3,615.95,616.55,31788000,19624327950.0,5782500,-18624000.0,1500,27-Jul-2023,616.55,2023-07-26T18:30:00.000Z
64c3f0206224e73d0e9a6513,FUTSTK,SBIN,31-Aug-2023,0.0,XX,N,622.35,624.2,618.05,620.85,620.4,622.7,620.85,19185000,11912269125.0,67527000,1327500.0,1500,28-Jul-2023,616.05,2023-07-27T18:30:00.000Z
64c7b2776224e73d0efdf6a8,FUTSTK,SBIN,31-Aug-2023,0.0,XX,N,621.0,625.4,618.75,624.1,623.85,620.85,624.1,12976500,8084572050.0,68221500,694500.0,1500,31-Jul-2023,620.2,2023-07-30T18:30:00.000Z
64c9089e6224e73d0e285ff6,FUTSTK,SBIN,31-Aug-2023,0.0,XX,N,623.85,624.05,614.5,615.75,616.2,624.1,615.75,15835500,9788397150.0,69243000,1021500.0,1500,01-Aug-2023,611.85,2023-07-31T18:30:00.000Z
64ca7ebe6224e73d0e528fb8,FUTSTK,SBIN,31-Aug-2023,0.0,XX,N,613.9,614.8,596.8,602.25,602.05,615.75,602.25,30138000,18236892000.0,70588500,1345500.0,1500,02-Aug-2023,598.45,2023-08-01T18:30:00.000Z
64cbc8576224e73d0e772a1c,FUTSTK,SBIN,31-Aug-2023,0.0,XX,N,600.4,603.95,589.05,595.1,594.95,602.25,595.1,40290000,23979547050.0,74751000,4162500.0,1500,03-Aug-2023,590.5,2023-08-02T18:30:00.000Z
64cd02736224e73d0e9782cb,FUTSTK,SBIN,31-Aug-2023,0.0,XX,N,596.35,600.9,575.7,577.5,577.7,595.1,577.5,118516500,69490520550.0,90333000,15582000.0,1500,04-Aug-2023,573.3,2023-08-03T18:30:00.000Z
64d115636224e73d0e01bfd3,FUTSTK,SBIN,31-Aug-2023,0.0,XX,N,578.55,582.5,570.0,572.35,573.0,577.5,572.35,43708500,25061101950.0,97473000,7140000.0,1500,07-Aug-2023,567.9,2023-08-06T18:30:00.000Z
64d2396d6224e73d0e1eb8d6,FUTSTK,SBIN,31-Aug-2023,0.0,XX,N,574.1,577.95,572.0,576.1,576.15,572.35,576.1,30525000,17555319900.0,97002000,-471000.0,1500,08-Aug-2023,573.1,2023-08-07T18:30:00.000Z
64d38d4c6224e73d0e4134aa,FUTSTK,SBIN,31-Aug-2023,0.0,XX,N,576.9,577.85,571.65,576.95,576.6,576.1,576.95,17730000,10189121625.0,98181000,1179000.0,1500,09-Aug-2023,573.75,2023-08-08T18:30:00.000Z
64d4f4596224e73d0e6910e4,FUTSTK,SBIN,31-Aug-2023,0.0,XX,N,575.95,579.5,571.75,576.2,576.15,576.95,576.2,37999500,21881049300.0,100437000,2256000.0,1500,10-Aug-2023,573.65,2023-08-09T18:30:00.000Z
64d6363b6224e73d0e89cebd,FUTSTK,SBIN,31-Aug-2023,0.0,XX,N,576.55,582.0,574.1,576.75,576.4,576.2,576.75,31614000,18274512525.0,98337000,-2100000.0,1500,11-Aug-2023,574.15,2023-08-10T18:30:00.000Z
653f842923284fe81e80744e,FUTSTK,SBIN,31-Aug-2023,0.0,XX,N,573.2,574.75,560.75,563.2,563.0,576.75,563.2,31488000,17759575125.0,100728000,2391000.0,1500,14-Aug-2023,561.15,2023-08-13T18:30:00.000Z
64dcc8e6029da316b35e5ebd,FUTSTK,SBIN,31-Aug-2023,0.0,XX,N,559.7,567.25,555.65,566.1,566.2,563.2,566.1,22474500,12678742350.0,97842000,-2886000.0,1500,16-Aug-2023,565.35,2023-08-15T18:30:00.000Z
64de376f029da316b376c5e1,FUTSTK,SBIN,31-Aug-2023,0.0,XX,N,565.9,573.8,565.35,573.0,572.65,566.1,573.0,28573500,16275256275.0,97198500,-643500.0,1500,17-Aug-2023,572.15,2023-08-16T18:30:00.000Z
64df7721029da316b38ddbe3,FUTSTK,SBIN,31-Aug-2023,0.0,XX,N,570.3,575.65,568.5,573.4,572.5,573.0,573.4,23107500,13231720500.0,93849000,-3349500.0,1500,18-Aug-2023,572.95,2023-08-17T18:30:00.000Z
64e37346029da316b3c16e5e,FUTSTK,SBIN,31-Aug-2023,0.0,XX,N,574.0,576.0,571.5,573.2,573.0,573.4,573.2,13567500,7782249750.0,91365000,-2484000.0,1500,21-Aug-2023,571.7,2023-08-20T18:30:00.000Z
64e4af6e029da316b3d708c2,FUTSTK,SBIN,31-Aug-2023,0.0,XX,N,572.2,574.8,568.35,569.4,569.5,573.2,569.4,18705000,10680101700.0,92826000,1461000.0,1500,22-Aug-2023,568.5,2023-08-21T18:30:00.000Z
64e60e0c029da316b3f03c1e,FUTSTK,SBIN,31-Aug-2023,0.0,XX,N,570.7,578.85,566.6,576.95,576.8,569.4,576.95,29302500,16815627750.0,85152000,-7674000.0,1500,23-Aug-2023,576.9,2023-08-22T18:30:00.000Z
64e76bc1029da316b307e6e7,FUTSTK,SBIN,31-Aug-2023,0.0,XX,N,578.55,581.9,575.15,576.7,577.0,576.95,576.7,26436000,15281184375.0,83166000,-1986000.0,1500,24-Aug-2023,576.95,2023-08-23T18:30:00.000Z
64e8ce94029da316b31ffcda,FUTSTK,SBIN,31-Aug-2023,0.0,XX,N,573.85,574.9,566.6,570.05,569.25,576.7,570.05,24951000,14245362975.0,75889500,-7276500.0,1500,25-Aug-2023,569.95,2023-08-24T18:30:00.000Z
64eca339029da316b35183c9,FUTSTK,SBIN,31-Aug-2023,0.0,XX,N,573.0,574.25,568.95,572.55,572.55,570.05,572.55,31411500,17961578100.0,59925000,-15964500.0,1500,28-Aug-2023,572.85,2023-08-27T18:30:00.000Z
64edef9d029da316b3682b22,FUTSTK,SBIN,31-Aug-2023,0.0,XX,N,573.55,575.8,572.0,574.8,575.0,572.55,574.8,31875000,18290790600.0,43240500,-16684500.0,1500,29-Aug-2023,574.85,2023-08-28T18:30:00.000Z
64ef42f1029da316b380f43c,FUTSTK,SBIN,31-Aug-2023,0.0,XX,N,575.5,577.5,566.4,567.45,567.65,574.8,567.45,32085000,18337223625.0,27672000,-15568500.0,1500,30-Aug-2023,567.4,2023-08-29T18:30:00.000Z
64f0bb5c029da316b39cc735,FUTSTK,SBIN,31-Aug-2023,0.0,XX,N,567.75,569.4,559.4,562.35,561.35,567.45,561.35,42624000,24081441825.0,5121000,-22551000.0,1500,31-Aug-2023,561.35,2023-08-30T18:30:00.000Z
64f1e933029da316b3b21f8e,FUTSTK,SBIN,28-Sep-2023,0.0,XX,N,565.55,573.25,563.5,571.4,571.65,565.35,571.4,22758000,12973706925.0,92739000,-4771500.0,1500,01-Sep-2023,569.55,2023-08-31T18:30:00.000Z
64f5ddb7029da316b3ea49e1,FUTSTK,SBIN,28-Sep-2023,0.0,XX,N,573.0,580.25,570.7,579.35,579.8,571.4,579.35,23515500,13550429250.0,90366000,-2373000.0,1500,04-Sep-2023,575.55,2023-09-03T18:30:00.000Z
64f7264d029da316b3039f8b,FUTSTK,SBIN,28-Sep-2023,0.0,XX,N,579.6,581.1,574.2,576.35,576.5,579.35,576.35,19194000,11082546300.0,92709000,2343000.0,1500,05-Sep-2023,573.0,2023-09-04T18:30:00.000Z
64f88f3d029da316b31f4365,FUTSTK,SBIN,28-Sep-2023,0.0,XX,N,576.0,577.0,571.5,573.65,574.2,576.35,573.65,21970500,12605222475.0,96750000,4041000.0,1500,06-Sep-2023,570.5,2023-09-05T18:30:00.000Z
64f9ceed029da316b3370a0f,FUTSTK,SBIN,28-Sep-2023,0.0,XX,N,573.0,584.95,572.65,582.5,584.05,573.65,582.5,37063500,21464736450.0,91344000,-5406000.0,1500,07-Sep-2023,579.05,2023-09-06T18:30:00.000Z
64fb3b28029da316b35304e8,FUTSTK,SBIN,28-Sep-2023,0.0,XX,N,583.9,590.45,582.5,585.1,585.3,582.5,585.1,33942000,19912789875.0,90457500,-886500.0,1500,08-Sep-2023,583.45,2023-09-07T18:30:00.000Z
64ff3277029da316b38573ee,FUTSTK,SBIN,28-Sep-2023,0.0,XX,N,589.45,594.4,587.2,593.1,592.7,585.1,593.1,28225500,16706452200.0,87757500,-2700000.0,1500,11-Sep-2023,591.7,2023-09-10T18:30:00.000Z
65007304029da316b39958f8,FUTSTK,SBIN,28-Sep-2023,0.0,XX,N,593.3,596.3,585.5,589.3,589.05,593.1,589.3,33202500,19555488150.0,85291500,-2466000.0,1500,12-Sep-2023,588.35,2023-09-11T18:30:00.000Z
6501bd93029da316b3a2aa3f,FUTSTK,SBIN,28-Sep-2023,0.0,XX,N,589.3,599.5,584.7,598.0,597.6,589.3,598.0,44581500,26471438400.0,78949500,-6342000.0,1500,13-Sep-2023,596.45,2023-09-12T18:30:00.000Z
650318e7029da316b3ad6980,FUTSTK,SBIN,28-Sep-2023,0.0,XX,N,600.5,605.25,597.35,599.4,598.9,598.0,599.4,34926000,20989920300.0,77335500,-1614000.0,1500,14-Sep-2023,597.3,2023-09-13T18:30:00.000Z
65045b67029da316b3b6d6f2,FUTSTK,SBIN,28-Sep-2023,0.0,XX,N,599.9,602.7,597.1,599.65,599.25,599.4,599.65,23454000,14063962350.0,76656000,-679500.0,1500,15-Sep-2023,598.8,2023-09-14T18:30:00.000Z
6508567b029da316b3d26986,FUTSTK,SBIN,28-Sep-2023,0.0,XX,N,599.0,608.3,598.05,604.05,603.5,599.65,604.05,36277500,21962247375.0,73503000,-3153000.0,1500,18-Sep-2023,603.95,2023-09-17T18:30:00.000Z
650afc4c029da316b3e6cea5,FUTSTK,SBIN,28-Sep-2023,0.0,XX,N,599.9,608.8,599.9,603.4,603.5,604.05,603.4,31359000,18959733300.0,70359000,-3144000.0,1500,20-Sep-2023,601.1,2023-09-19T18:30:00.000Z
650c61f8029da316b3f14259,FUTSTK,SBIN,28-Sep-2023,0.0,XX,N,601.45,608.1,586.0,589.05,587.95,603.4,589.05,42894000,25518468300.0,65880000,-4479000.0,1500,21-Sep-2023,588.15,2023-09-20T18:30:00.000Z
650d9665029da316b3f9d393,FUTSTK,SBIN,28-Sep-2023,0.0,XX,N,594.1,602.05,591.7,597.9,598.3,589.05,597.9,46731000,27958467000.0,64774500,-1105500.0,1500,22-Sep-2023,598.15,2023-09-21T18:30:00.000Z
65119a686f25ef9e93345033,FUTSTK,SBIN,28-Sep-2023,0.0,XX,N,599.35,602.0,591.65,595.4,595.1,597.9,595.4,33802500,20124948825.0,52770000,-12004500.0,1500,25-Sep-2023,594.05,2023-09-24T18:30:00.000Z
6512ff8e6f25ef9e93411e45,FUTSTK,SBIN,28-Sep-2023,0.0,XX,N,595.0,596.0,590.45,593.45,593.4,595.4,593.45,26047500,15450233550.0,38932500,-13837500.0,1500,26-Sep-2023,594.4,2023-09-25T18:30:00.000Z
651442876f25ef9e934cb114,FUTSTK,SBIN,28-Sep-2023,0.0,XX,N,592.65,593.65,587.7,590.75,591.0,593.45,590.75,25417500,15022794000.0,23454000,-15478500.0,1500,27-Sep-2023,589.75,2023-09-26T18:30:00.000Z
65159b886f25ef9e935b4c7a,FUTSTK,SBIN,28-Sep-2023,0.0,XX,N,591.0,594.0,587.3,588.4,588.35,590.75,589.95,37341000,22033150425.0,8853000,-14601000.0,1500,28-Sep-2023,589.95,2023-09-27T18:30:00.000Z
6516d0e16f25ef9e9366cac5,FUTSTK,SBIN,26-Oct-2023,0.0,XX,N,594.85,603.0,594.25,600.7,601.45,592.8,600.7,27567000,16533235125.0,82290000,-2503500.0,1500,29-Sep-2023,598.55,2023-09-28T18:30:00.000Z
651c20ba6f25ef9e93952e57,FUTSTK,SBIN,26-Oct-2023,0.0,XX,N,597.65,605.5,592.95,604.35,605.1,600.7,604.35,29851500,17905633725.0,78289500,-4000500.0,1500,03-Oct-2023,602.95,2023-10-02T18:30:00.000Z
651d6d8b6f25ef9e93a2be98,FUTSTK,SBIN,26-Oct-2023,0.0,XX,N,602.75,603.65,585.8,587.2,586.9,604.35,587.2,49797000,29451083550.0,92035500,13746000.0,1500,04-Oct-2023,586.25,2023-10-03T18:30:00.000Z
651eb69a6f25ef9e93b14774,FUTSTK,SBIN,26-Oct-2023,0.0,XX,N,592.0,596.1,588.15,594.45,594.25,587.2,594.45,28629000,16973012625.0,87766500,-4269000.0,1500,05-Oct-2023,592.15,2023-10-04T18:30:00.000Z
65200e336f25ef9e93bf1594,FUTSTK,SBIN,26-Oct-2023,0.0,XX,N,595.65,600.75,593.7,595.35,595.25,594.45,595.35,22285500,13303369800.0,85699500,-2067000.0,1500,06-Oct-2023,594.25,2023-10-05T18:30:00.000Z
6524050b6f25ef9e93e207d2,FUTSTK,SBIN,26-Oct-2023,0.0,XX,N,591.0,591.25,582.6,585.65,585.2,595.35,585.65,19681500,11519229975.0,85386000,-313500.0,1500,09-Oct-2023,585.1,2023-10-08T18:30:00.000Z
65254f0d6f25ef9e93efceb3,FUTSTK,SBIN,26-Oct-2023,0.0,XX,N,587.75,596.0,586.85,593.9,594.25,585.65,593.9,21784500,12891781800.0,82245000,-3141000.0,1500,10-Oct-2023,591.65,2023-10-09T18:30:00.000Z
6526a44b6f25ef9e93fdb647,FUTSTK,SBIN,26-Oct-2023,0.0,XX,N,596.85,597.75,590.25,590.85,591.0,593.9,590.85,22494000,13355259450.0,85174500,2929500.0,1500,11-Oct-2023,588.35,2023-10-10T18:30:00.000Z
652800956f25ef9e930b902b,FUTSTK,SBIN,26-Oct-2023,0.0,XX,N,591.45,594.2,587.55,588.2,588.1,590.85,588.2,18231000,10763888100.0,89550000,4375500.0,1500,12-Oct-2023,586.05,2023-10-11T18:30:00.000Z
65294a946f25ef9e9317b2d6,FUTSTK,SBIN,26-Oct-2023,0.0,XX,N,578.9,582.4,575.15,576.75,576.15,588.2,576.75,40318500,23311831425.0,95160000,5610000.0,1500,13-Oct-2023,576.15,2023-10-12T18:30:00.000Z
652d309f23284fe81ed1f5e7,FUTSTK,SBIN,26-Oct-2023,0.0,XX,N,576.75,579.9,573.1,577.45,576.9,576.75,577.45,16315500,9421940625.0,93190500,-1969500.0,1500,16-Oct-2023,575.65,2023-10-15T18:30:00.000Z
652e902423284fe81ee0a286,FUTSTK,SBIN,26-Oct-2023,0.0,XX,N,578.4,581.6,577.0,578.15,578.05,577.45,578.15,17368500,10063172625.0,90340500,-2850000.0,1500,17-Oct-2023,576.45,2023-10-16T18:30:00.000Z
652fdd6523284fe81eed57dc,FUTSTK,SBIN,26-Oct-2023,0.0,XX,N,578.75,580.25,571.0,574.25,574.3,578.15,574.25,18918000,10872708975.0,92110500,1770000.0,1500,18-Oct-2023,572.65,2023-10-17T18:30:00.000Z
65313c0623284fe81efbc4ac,FUTSTK,SBIN,26-Oct-2023,0.0,XX,N,571.25,575.4,567.2,572.75,573.3,574.25,572.75,21129000,12094687500.0,85078500,-7032000.0,1500,19-Oct-2023,571.2,2023-10-18T18:30:00.000Z
65327d9d23284fe81e0808f8,FUTSTK,SBIN,26-Oct-2023,0.0,XX,N,571.0,571.45,562.9,564.5,563.8,572.75,564.5,30999000,17552518575.0,72231000,-12847500.0,1500,20-Oct-2023,563.1,2023-10-19T18:30:00.000Z
653677b223284fe81e28b993,FUTSTK,SBIN,26-Oct-2023,0.0,XX,N,564.5,566.8,552.65,554.5,553.15,564.5,554.5,48252000,27073531350.0,49989000,-22242000.0,1500,23-Oct-2023,552.95,2023-10-22T18:30:00.000Z
653918de23284fe81e411979,FUTSTK,SBIN,26-Oct-2023,0.0,XX,N,557.9,560.4,553.8,556.15,555.9,554.5,556.15,46044000,25674129675.0,25789500,-24199500.0,1500,25-Oct-2023,556.2,2023-10-24T18:30:00.000Z
653a724f23284fe81e4fdc7b,FUTSTK,SBIN,26-Oct-2023,0.0,XX,N,552.05,552.9,542.85,546.35,544.95,556.15,547.0,44296500,24238262625.0,4531500,-21258000.0,1500,26-Oct-2023,547.0,2023-10-25T18:30:00.000Z
653bb79823284fe81e5e8de2,FUTSTK,SBIN,30-Nov-2023,0.0,XX,N,552.8,565.7,552.5,563.35,563.9,549.55,563.35,28635000,16052662350.0,87723000,-2916000.0,1500,27-Oct-2023,561.15,2023-10-26T18:30:00.000Z
653faa3823284fe81e837b41,FUTSTK,SBIN,30-Nov-2023,0.0,XX,N,564.15,568.55,558.65,567.7,568.35,563.35,567.7,22399500,12634194150.0,88987500,1264500.0,1500,30-Oct-2023,565.2,2023-10-29T18:30:00.000Z
65410b3023284fe81e943a49,FUTSTK,SBIN,30-Nov-2023,0.0,XX,N,569.7,571.35,565.2,567.75,567.6,567.7,567.75,21556500,12260037300.0,85410000,-3577500.0,1500,31-Oct-2023,565.55,2023-10-30T18:30:00.000Z
65424a6723284fe81ea1302c,FUTSTK,SBIN,30-Nov-2023,0.0,XX,N,567.75,572.7,565.7,569.65,570.4,567.75,569.65,23260500,13257509475.0,84907500,-502500.0,1500,01-Nov-2023,566.4,2023-10-31T18:30:00.000Z
6543a2f123284fe81eafb4b1,FUTSTK,SBIN,30-Nov-2023,0.0,XX,N,572.95,578.95,570.9,575.6,575.75,569.65,575.6,25153500,14463567525.0,84802500,-105000.0,1500,02-Nov-2023,572.1,2023-11-01T18:30:00.000Z
6544ea9b23284fe81ebe0bc2,FUTSTK,SBIN,30-Nov-2023,0.0,XX,N,578.55,582.0,575.6,580.95,581.8,575.6,580.95,30940500,17926081875.0,83920500,-882000.0,1500,03-Nov-2023,578.15,2023-11-02T18:30:00.000Z
65490431e022be2adfa86508,FUTSTK,SBIN,30-Nov-2023,0.0,XX,N,582.45,584.0,575.0,576.75,576.8,580.95,576.75,36247500,20957896125.0,89001000,5080500.0,1500,06-Nov-2023,574.35,2023-11-05T18:30:00.000Z
654a44c8e022be2adfb5c8b6,FUTSTK,SBIN,30-Nov-2023,0.0,XX,N,576.5,582.35,574.75,581.2,582.0,576.75,581.2,30318000,17561590500.0,83721000,-5280000.0,1500,07-Nov-2023,579.75,2023-11-06T18:30:00.000Z
654b946ae022be2adfc4fecb,FUTSTK,SBIN,30-Nov-2023,0.0,XX,N,582.95,583.9,581.15,581.75,582.0,581.2,581.75,15754500,9174455400.0,83982000,261000.0,1500,08-Nov-2023,580.3,2023-11-07T18:30:00.000Z
654ce65ee022be2adfd49ec4,FUTSTK,SBIN,30-Nov-2023,0.0,XX,N,582.35,584.5,579.25,581.15,581.0,581.75,581.15,13509000,7852170975.0,84414000,432000.0,1500,09-Nov-2023,578.35,2023-11-08T18:30:00.000Z
654e37e2e022be2adfe40a2a,FUTSTK,SBIN,30-Nov-2023,0.0,XX,N,580.0,582.9,577.75,582.05,582.4,581.15,582.05,13260000,7703484525.0,80886000,-3528000.0,1500,10-Nov-2023,579.5,2023-11-09T18:30:00.000Z
65510418e022be2adf0044aa,FUTSTK,SBIN,30-Nov-2023,0.0,XX,N,584.0,584.55,581.7,582.25,582.0,582.05,582.25,2247000,1309357500.0,80815500,-70500.0,1500,12-Nov-2023,581.3,2023-11-11T18:30:00.000Z
65522b79e022be2adf0c2a94,FUTSTK,SBIN,30-Nov-2023,0.0,XX,N,582.0,584.65,577.2,583.25,583.25,582.25,583.25,21811500,12678622875.0,78709500,-2106000.0,1500,13-Nov-2023,581.35,2023-11-12T18:30:00.000Z
6554c6f1e022be2adf2604c0,FUTSTK,SBIN,30-Nov-2023,0.0,XX,N,588.55,588.85,584.75,586.4,586.55,583.25,586.4,23079000,13541137425.0,80050500,1341000.0,1500,15-Nov-2023,584.7,2023-11-14T18:30:00.000Z
65561cade022be2adf3532af,FUTSTK,SBIN,30-Nov-2023,0.0,XX,N,585.25,590.1,584.6,586.6,586.15,586.4,586.6,20389500,11981440200.0,78612000,-1438500.0,1500,16-Nov-2023,584.65,2023-11-15T18:30:00.000Z
65576d3ce022be2adf43ab40,FUTSTK,SBIN,30-Nov-2023,0.0,XX,N,574.55,574.55,564.3,565.1,564.8,586.6,565.1,65683500,37360232625.0,101491500,22879500.0,1500,17-Nov-2023,563.05,2023-11-16T18:30:00.000Z
655b6a2ce022be2adf6dff17,FUTSTK,SBIN,30-Nov-2023,0.0,XX,N,565.65,568.7,562.05,565.75,565.4,565.1,565.75,19731000,11179030575.0,98944500,-2547000.0,1500,20-Nov-2023,563.75,2023-11-19T18:30:00.000Z
655caf7ae022be2adf7c6be2,FUTSTK,SBIN,30-Nov-2023,0.0,XX,N,567.15,568.1,563.25,563.7,563.65,565.75,563.7,17104500,9672146250.0,98247000,-697500.0,1500,21-Nov-2023,561.5,2023-11-20T18:30:00.000Z
655dff98e022be2adf8d2dc1,FUTSTK,SBIN,30-Nov-2023,0.0,XX,N,563.45,566.25,556.85,560.55,560.6,563.7,560.55,22921500,12861275025.0,99628500,1381500.0,1500,22-Nov-2023,558.95,2023-11-21T18:30:00.000Z
655f5114e022be2adf9bad32,FUTSTK,SBIN,30-Nov-2023,0.0,XX,N,562.25,564.75,559.25,561.05,561.5,560.55,561.05,23427000,13166292300.0,92092500,-7536000.0,1500,23-Nov-2023,559.95,2023-11-22T18:30:00.000Z
6560a8ace022be2adfaac3c1,FUTSTK,SBIN,30-Nov-2023,0.0,XX,N,562.6,562.95,559.4,560.2,560.45,561.05,560.2,31923000,17913283125.0,72556500,-19536000.0,1500,24-Nov-2023,560.35,2023-11-23T18:30:00.000Z
6565e988e022be2adfde1fe9,FUTSTK,SBIN,30-Nov-2023,0.0,XX,N,561.95,566.6,561.0,566.15,566.35,560.2,566.15,48135000,27145654500.0,44409000,-28147500.0,1500,28-Nov-2023,564.45,2023-11-27T18:30:00.000Z
65673bf5e022be2adfee9361,FUTSTK,SBIN,30-Nov-2023,0.0,XX,N,567.65,569.55,565.3,569.1,569.2,566.15,569.1,30250500,17173611675.0,27736500,-16672500.0,1500,29-Nov-2023,568.6,2023-11-28T18:30:00.000Z
6568b09ee022be2adf003b02,FUTSTK,SBIN,30-Nov-2023,0.0,XX,N,569.6,570.0,562.0,563.0,564.1,569.1,564.75,44019000,24891433350.0,8824500,-18912000.0,1500,30-Nov-2023,564.75,2023-11-29T18:30:00.000Z
6569da3de022be2adf0d9b92,FUTSTK,SBIN,28-Dec-2023,0.0,XX,N,570.0,578.45,569.35,576.1,576.0,567.7,576.1,37704000,21712098000.0,107548500,-8454000.0,1500,01-Dec-2023,571.75,2023-11-30T18:30:00.000Z
656dd02ee022be2adf3568b8,FUTSTK,SBIN,28-Dec-2023,0.0,XX,N,589.0,600.45,587.95,599.0,600.05,576.1,599.0,66031500,39206423700.0,99720000,-7828500.0,1500,04-Dec-2023,594.7,2023-12-03T18:30:00.000Z
656f20b7e022be2adf449f83,FUTSTK,SBIN,28-Dec-2023,0.0,XX,N,601.95,615.5,598.25,610.8,611.0,599.0,610.8,66693000,40625967825.0,97842000,-1878000.0,1500,05-Dec-2023,608.25,2023-12-04T18:30:00.000Z
657072b0e022be2adf56ec65,FUTSTK,SBIN,28-Dec-2023,0.0,XX,N,614.6,617.85,606.0,610.45,610.0,610.8,610.45,35404500,21661234275.0,92848500,-4993500.0,1500,06-Dec-2023,608.45,2023-12-05T18:30:00.000Z
6571c560e022be2adf66c1d8,FUTSTK,SBIN,28-Dec-2023,0.0,XX,N,611.7,616.0,607.05,614.65,614.7,610.45,614.65,28146000,17248030275.0,92619000,-229500.0,1500,07-Dec-2023,611.7,2023-12-06T18:30:00.000Z
657312b2e022be2adf7785f8,FUTSTK,SBIN,28-Dec-2023,0.0,XX,N,610.0,619.5,607.15,616.75,617.7,614.65,616.75,48537000,29751877200.0,91458000,-1161000.0,1500,08-Dec-2023,614.15,2023-12-07T18:30:00.000Z
657721ebc64682194019e7fe,FUTSTK,SBIN,28-Dec-2023,0.0,XX,N,617.65,622.4,615.4,617.75,617.35,616.75,617.75,26617500,16476789825.0,93129000,1671000.0,1500,11-Dec-2023,614.25,2023-12-10T18:30:00.000Z
657858abc646821940294871,FUTSTK,SBIN,28-Dec-2023,0.0,XX,N,619.95,620.0,613.25,616.3,616.5,617.75,616.3,25056000,15444414000.0,90660000,-2469000.0,1500,12-Dec-2023,612.4,2023-12-11T18:30:00.000Z
6579aedac6468219403c795e,FUTSTK,SBIN,28-Dec-2023,0.0,XX,N,617.3,625.0,614.5,624.1,623.0,616.3,624.1,33255000,20628935325.0,91360500,700500.0,1500,13-Dec-2023,619.85,2023-12-12T18:30:00.000Z
657afa7fc6468219404bbcf0,FUTSTK,SBIN,28-Dec-2023,0.0,XX,N,628.4,630.7,625.6,627.5,628.2,624.1,627.5,37459500,23519923725.0,91381500,21000.0,1500,14-Dec-2023,623.65,2023-12-13T18:30:00.000Z
657c5f77c6468219405d2483,FUTSTK,SBIN,28-Dec-2023,0.0,XX,N,631.1,653.5,623.0,651.6,650.6,627.5,651.6,79303500,50797175100.0,86703000,-4678500.0,1500,15-Dec-2023,648.25,2023-12-14T18:30:00.000Z
658044b7c64682194080f27c,FUTSTK,SBIN,28-Dec-2023,0.0,XX,N,648.0,657.3,645.3,649.3,648.1,651.6,649.3,40354500,26293627650.0,81823500,-4879500.0,1500,18-Dec-2023,648.5,2023-12-17T18:30:00.000Z
6581976bc646821940903708,FUTSTK,SBIN,28-Dec-2023,0.0,XX,N,649.5,661.0,640.9,656.7,657.5,649.3,656.7,52672500,34398195000.0,76713000,-5110500.0,1500,19-Dec-2023,655.4,2023-12-18T18:30:00.000Z
65832315c646821940a225c5,FUTSTK,SBIN,28-Dec-2023,0.0,XX,N,659.7,661.15,635.8,638.2,636.7,656.7,638.2,62154000,40208442225.0,71650500,-5062500.0,1500,20-Dec-2023,636.45,2023-12-19T18:30:00.000Z
6584388ac646821940adee4c,FUTSTK,SBIN,28-Dec-2023,0.0,XX,N,632.6,651.0,628.4,646.45,646.95,638.2,646.45,49453500,31702547925.0,68592000,-3058500.0,1500,21-Dec-2023,643.75,2023-12-20T18:30:00.000Z
6585a048c646821940bf7aee,FUTSTK,SBIN,28-Dec-2023,0.0,XX,N,645.95,649.9,636.35,639.1,639.1,646.45,639.1,43153500,27796035225.0,55875000,-12717000.0,1500,22-Dec-2023,636.75,2023-12-21T18:30:00.000Z
658ad4cbc646821940f09632,FUTSTK,SBIN,28-Dec-2023,0.0,XX,N,638.45,642.8,636.55,638.7,639.5,639.1,638.7,32856000,21035632875.0,40474500,-15400500.0,1500,26-Dec-2023,638.05,2023-12-25T18:30:00.000Z
658c2113c646821940015a04,FUTSTK,SBIN,28-Dec-2023,0.0,XX,N,640.85,650.35,639.15,649.15,649.35,638.7,649.15,33991500,21944450550.0,23854500,-16620000.0,1500,27-Dec-2023,648.55,2023-12-26T18:30:00.000Z
658d7bafc646821940135bb6,FUTSTK,SBIN,28-Dec-2023,0.0,XX,N,649.85,653.35,646.15,650.6,647.5,649.15,651.4,36112500,23487915450.0,3696000,-20158500.0,1500,28-Dec-2023,651.4,2023-12-27T18:30:00.000Z
658ec223c646821940261c47,FUTSTK,SBIN,25-Jan-2024,0.0,XX,N,653.2,654.4,643.45,647.45,646.6,656.0,647.45,29572500,19167606750.0,88737000,4378500.0,1500,29-Dec-2023,642.05,2023-12-28T18:30:00.000Z
6592b8922b5d6a8211a2d654,FUTSTK,SBIN,25-Jan-2024,0.0,XX,N,646.55,652.2,642.5,645.85,642.95,647.45,645.85,26328000,17085985425.0,87327000,-1410000.0,1500,01-Jan-2024,641.35,2023-12-31T18:30:00.000Z
659415562b5d6a8211b4931b,FUTSTK,SBIN,25-Jan-2024,0.0,XX,N,646.0,652.75,637.75,643.9,643.45,645.85,643.9,41095500,26517795000.0,91846500,4519500.0,1500,02-Jan-2024,639.45,2024-01-01T18:30:00.000Z
65955de62b5d6a8211c569e3,FUTSTK,SBIN,25-Jan-2024,0.0,XX,N,642.65,652.4,640.15,647.15,648.3,643.9,647.15,35265000,22830727050.0,91636500,-210000.0,1500,03-Jan-2024,643.45,2024-01-02T18:30:00.000Z
6596b3d42b5d6a8211d73c36,FUTSTK,SBIN,25-Jan-2024,0.0,XX,N,646.55,650.4,642.55,647.35,648.0,647.15,647.35,30756000,19898325000.0,95751000,4114500.0,1500,04-Jan-2024,642.75,2024-01-03T18:30:00.000Z
6597f9632b5d6a8211e75e08,FUTSTK,SBIN,25-Jan-2024,0.0,XX,N,648.7,655.75,640.0,645.45,644.3,647.35,645.45,47931000,31092563475.0,97831500,2080500.0,1500,05-Jan-2024,641.95,2024-01-04T18:30:00.000Z
659bfe852b5d6a82111181cc,FUTSTK,SBIN,25-Jan-2024,0.0,XX,N,643.95,648.45,627.8,629.45,629.9,645.45,629.45,37309500,23771375025.0,99667500,1836000.0,1500,08-Jan-2024,627.0,2024-01-07T18:30:00.000Z
659d4cca2b5d6a821121aea8,FUTSTK,SBIN,25-Jan-2024,0.0,XX,N,634.2,636.9,626.3,627.3,627.4,629.45,627.3,26854500,16977986475.0,98836500,-831000.0,1500,09-Jan-2024,625.4,2024-01-08T18:30:00.000Z
659ea5472b5d6a8211320bc6,FUTSTK,SBIN,25-Jan-2024,0.0,XX,N,627.1,627.7,620.2,624.8,625.15,627.3,624.8,24784500,15484370700.0,103600500,4764000.0,1500,10-Jan-2024,621.75,2024-01-09T18:30:00.000Z
659fe87e2b5d6a821142d78d,FUTSTK,SBIN,25-Jan-2024,0.0,XX,N,627.75,629.55,621.0,623.1,623.45,624.8,623.1,25024500,15645667875.0,106596000,2995500.0,1500,11-Jan-2024,620.2,2024-01-10T18:30:00.000Z
65a15c002b5d6a821155f0bf,FUTSTK,SBIN,25-Jan-2024,0.0,XX,N,624.5,639.2,622.95,635.8,636.6,623.1,635.8,47041500,29772221700.0,106405500,-190500.0,1500,12-Jan-2024,633.6,2024-01-11T18:30:00.000Z
65a52c727e26484fc01c1de0,FUTSTK,SBIN,25-Jan-2024,0.0,XX,N,637.9,647.0,637.4,641.5,642.05,635.8,641.5,35218500,22604860275.0,104334000,-2071500.0,1500,15-Jan-2024,640.1,2024-01-14T18:30:00.000Z
65a67a5d7e26484fc02e0801,FUTSTK,SBIN,25-Jan-2024,0.0,XX,N,641.0,646.95,634.3,638.75,639.0,641.5,638.75,34278000,21958947225.0,104928000,594000.0,1500,16-Jan-2024,636.9,2024-01-15T18:30:00.000Z
65a7ea147e26484fc040ced2,FUTSTK,SBIN,25-Jan-2024,0.0,XX,N,631.5,637.2,624.0,626.1,626.3,638.75,626.1,53914500,33955995375.0,103351500,-1576500.0,1500,17-Jan-2024,626.0,2024-01-16T18:30:00.000Z
65a91d287e26484fc04fdc8a,FUTSTK,SBIN,25-Jan-2024,0.0,XX,N,627.5,633.95,619.35,629.8,629.85,626.1,629.8,35023500,22002998700.0,100072500,-3279000.0,1500,18-Jan-2024,628.3,2024-01-17T18:30:00.000Z
65aa6f557e26484fc0608e74,FUTSTK,SBIN,25-Jan-2024,0.0,XX,N,632.9,635.85,625.3,629.25,629.95,629.8,629.25,27393000,17264190900.0,95554500,-4518000.0,1500,19-Jan-2024,627.75,2024-01-18T18:30:00.000Z
65abc7a27e26484fc0725aae,FUTSTK,SBIN,25-Jan-2024,0.0,XX,N,632.0,635.05,625.2,632.15,631.55,629.25,632.15,29988000,18875422725.0,83652000,-11902500.0,1500,20-Jan-2024,631.4,2024-01-19T18:30:00.000Z
65afc6e77e26484fc0a62747,FUTSTK,SBIN,25-Jan-2024,0.0,XX,N,630.65,635.5,600.75,603.65,604.75,632.15,603.65,68542500,42234956175.0,55591500,-28060500.0,1500,23-Jan-2024,605.1,2024-01-22T18:30:00.000Z
65b11a4a7e26484fc0c0182e,FUTSTK,SBIN,25-Jan-2024,0.0,XX,N,606.9,621.6,602.25,619.7,618.85,603.65,619.7,50142000,30880544925.0,30523500,-25068000.0,1500,24-Jan-2024,618.3,2024-01-23T18:30:00.000Z
65b276d27e26484fc0d18c2f,FUTSTK,SBIN,25-Jan-2024,0.0,XX,N,619.75,623.5,605.75,612.05,614.9,619.7,612.75,47236500,28888731375.0,3942000,-26581500.0,1500,25-Jan-2024,612.75,2024-01-24T18:30:00.000Z
65b7a98d7e26484fc008d400,FUTSTK,SBIN,29-Feb-2024,0.0,XX,N,621.95,633.6,619.2,627.35,628.7,616.75,627.35,44400000,27826992525.0,128317500,772500.0,1500,29-Jan-2024,622.95,2024-01-28T18:30:00.000Z
65b8eedd7e26484fc0182c84,FUTSTK,SBIN,29-Feb-2024,0.0,XX,N,627.95,638.45,627.6,631.35,630.95,627.35,631.35,37978500,24039530850.0,127266000,-1051500.0,1500,30-Jan-2024,626.75,2024-01-29T18:30:00.000Z
65ba48227e26484fc02921e7,FUTSTK,SBIN,29-Feb-2024,0.0,XX,N,631.55,648.0,626.2,645.65,645.85,631.35,645.65,61360500,39153854550.0,120697500,-6568500.0,1500,31-Jan-2024,640.5,2024-01-30T18:30:00.000Z
65bb9bf07e26484fc039a4af,FUTSTK,SBIN,29-Feb-2024,0.0,XX,N,646.65,657.5,637.1,651.65,652.8,645.65,651.65,79773000,51688033800.0,125056500,4359000.0,1500,01-Feb-2024,647.65,2024-01-31T18:30:00.000Z
65bcef8d7e26484fc049b58f,FUTSTK,SBIN,29-Feb-2024,0.0,XX,N,655.4,664.7,649.05,652.1,650.1,651.65,652.1,91975500,60382739850.0,125059500,3000.0,1500,02-Feb-2024,649.65,2024-02-01T18:30:00.000Z
65c0dba57e26484fc073d833,FUTSTK,SBIN,29-Feb-2024,0.0,XX,N,650.0,658.8,642.6,646.7,646.25,652.1,646.7,77656500,50519412300.0,121594500,-3465000.0,1500,05-Feb-2024,642.95,2024-02-04T18:30:00.000Z
65c22ce67e26484fc0849b09,FUTSTK,SBIN,29-Feb-2024,0.0,XX,N,647.5,657.75,641.25,654.0,657.6,646.7,654.0,38958000,25253837550.0,120502500,-1092000.0,1500,06-Feb-2024,650.25,2024-02-05T18:30:00.000Z
65c386d47e26484fc097f677,FUTSTK,SBIN,29-Feb-2024,0.0,XX,N,658.0,680.0,657.9,678.05,679.75,654.0,678.05,81216000,54645935850.0,120795000,292500.0,1500,07-Feb-2024,675.25,2024-02-06T18:30:00.000Z
65c4d8197e26484fc0aaf33e,FUTSTK,SBIN,29-Feb-2024,0.0,XX,N,682.0,720.9,680.55,702.75,703.5,678.05,702.75,149740500,105230871675.0,113716500,-7078500.0,1500,08-Feb-2024,699.55,2024-02-07T18:30:00.000Z
65c624e87e26484fc0bda122,FUTSTK,SBIN,29-Feb-2024,0.0,XX,N,706.05,730.6,696.05,727.5,728.5,702.75,727.5,92295000,65910642450.0,116523000,2806500.0,1500,09-Feb-2024,725.25,2024-02-08T18:30:00.000Z
65ca1b8a7e26484fc0413056,FUTSTK,SBIN,29-Feb-2024,0.0,XX,N,728.0,729.9,705.8,709.15,708.3,727.5,709.15,57226500,40907682900.0,106167000,-10356000.0,1500,12-Feb-2024,707.9,2024-02-11T18:30:00.000Z
65cb66f17e26484fc07753e0,FUTSTK,SBIN,29-Feb-2024,0.0,XX,N,710.5,719.05,704.45,715.2,714.4,709.15,715.2,49686000,35418711000.0,105538500,-628500.0,1500,13-Feb-2024,713.45,2024-02-12T18:30:00.000Z
65ccd6017e26484fc097246d,FUTSTK,SBIN,29-Feb-2024,0.0,XX,N,707.5,749.65,707.5,746.1,746.55,715.2,746.1,75436500,55250779275.0,105175500,-363000.0,1500,14-Feb-2024,743.4,2024-02-13T18:30:00.000Z
65ce14f97e26484fc0b28844,FUTSTK,SBIN,29-Feb-2024,0.0,XX,N,749.4,765.0,743.15,762.75,762.15,746.1,762.75,67296000,50790177675.0,102795000,-2380500.0,1500,15-Feb-2024,761.7,2024-02-14T18:30:00.000Z
65cf739a7e26484fc0d055fc,FUTSTK,SBIN,29-Feb-2024,0.0,XX,N,764.4,775.4,755.75,757.3,758.8,762.75,757.3,62013000,47408672250.0,98892000,-3903000.0,1500,16-Feb-2024,754.7,2024-02-15T18:30:00.000Z
65d34e567e26484fc017c458,FUTSTK,SBIN,29-Feb-2024,0.0,XX,N,761.15,765.85,751.3,759.95,759.9,757.3,759.95,31489500,23922966375.0,97321500,-1570500.0,1500,19-Feb-2024,759.25,2024-02-18T18:30:00.000Z
65d4aa1f7e26484fc0355551,FUTSTK,SBIN,29-Feb-2024,0.0,XX,N,759.6,763.65,755.05,761.6,762.45,759.95,761.6,24735000,18797771250.0,95298000,-2023500.0,1500,20-Feb-2024,760.1,2024-02-19T18:30:00.000Z
65d5fdc27e26484fc051046c,FUTSTK,SBIN,29-Feb-2024,0.0,XX,N,761.15,778.3,760.6,771.85,771.85,761.6,771.85,51795000,39926610150.0,93594000,-1704000.0,1500,21-Feb-2024,771.5,2024-02-20T18:30:00.000Z
65d74e887e26484fc06c8c64,FUTSTK,SBIN,29-Feb-2024,0.0,XX,N,772.5,774.0,759.0,767.7,768.25,771.85,767.7,39514500,30247600500.0,91600500,-1993500.0,1500,22-Feb-2024,765.9,2024-02-21T18:30:00.000Z
65d896a57e26484fc0875085,FUTSTK,SBIN,29-Feb-2024,0.0,XX,N,770.1,770.75,756.25,759.75,759.95,767.7,759.75,35334000,26958386475.0,83773500,-7827000.0,1500,23-Feb-2024,759.05,2024-02-22T18:30:00.000Z
65dca7ac45d82dd6cb56f699,FUTSTK,SBIN,29-Feb-2024,0.0,XX,N,755.85,766.1,753.6,759.75,759.7,759.75,759.75,43723500,33228679350.0,63700500,-20073000.0,1500,26-Feb-2024,758.9,2024-02-25T18:30:00.000Z
65dddf1145d82dd6cb6f8719,FUTSTK,SBIN,29-Feb-2024,0.0,XX,N,758.9,762.5,741.7,749.45,749.3,759.75,749.45,52755000,39692459850.0,42421500,-21279000.0,1500,27-Feb-2024,749.85,2024-02-26T18:30:00.000Z
65df464345d82dd6cb8d8630,FUTSTK,SBIN,29-Feb-2024,0.0,XX,N,749.4,755.45,738.9,740.45,739.45,749.45,740.45,33487500,25001861400.0,27204000,-15217500.0,1500,28-Feb-2024,742.5,2024-02-27T18:30:00.000Z
65e091af45d82dd6cbabbf0e,FUTSTK,SBIN,29-Feb-2024,0.0,XX,N,741.2,752.75,737.15,748.5,752.0,740.45,748.1,33601500,25040802900.0,15286500,-11917500.0,1500,29-Feb-2024,748.1,2024-02-28T18:30:00.000Z
65e1e72045d82dd6cbc9d312,FUTSTK,SBIN,28-Mar-2024,0.0,XX,N,758.25,776.15,755.8,773.95,774.9,754.25,773.95,47721000,36588429150.0,97068000,-6448500.0,1500,01-Mar-2024,769.15,2024-02-29T18:30:00.000Z
65e32e4045d82dd6cbe33308,FUTSTK,SBIN,28-Mar-2024,0.0,XX,N,775.1,781.5,772.55,778.55,778.9,773.95,778.55,6700500,5216925450.0,97405500,337500.0,1500,02-Mar-2024,773.3,2024-03-01T18:30:00.000Z
65e5dd0c6c828717fe0404ee,FUTSTK,SBIN,28-Mar-2024,0.0,XX,N,776.55,780.85,772.85,775.2,774.95,778.55,775.2,24418500,18955328025.0,97020000,-385500.0,1500,04-Mar-2024,772.05,2024-03-03T18:30:00.000Z
65e71fcc6c828717fe172d86,FUTSTK,SBIN,28-Mar-2024,0.0,XX,N,772.8,789.7,772.4,786.85,787.2,775.2,786.85,44929500,35265165675.0,98541000,1521000.0,1500,05-Mar-2024,783.95,2024-03-04T18:30:00.000Z
65e879456c828717fe2dbbb6,FUTSTK,SBIN,28-Mar-2024,0.0,XX,N,785.1,792.35,775.05,786.75,786.65,786.85,786.75,55395000,43538294400.0,87736500,-10804500.0,1500,06-Mar-2024,783.9,2024-03-05T18:30:00.000Z
65e9be4d6c828717fe4008e0,FUTSTK,SBIN,28-Mar-2024,0.0,XX,N,790.95,795.65,785.0,790.0,788.35,786.75,790.0,28825500,22795164225.0,83557500,-4179000.0,1500,07-Mar-2024,788.05,2024-03-06T18:30:00.000Z
65ef09a96c828717fe8619f0,FUTSTK,SBIN,28-Mar-2024,0.0,XX,N,791.55,795.3,774.5,776.8,777.0,790.0,776.8,33078000,25897057200.0,82069500,-1488000.0,1500,11-Mar-2024,773.7,2024-03-10T18:30:00.000Z
65f054da6c828717fe9a6d99,FUTSTK,SBIN,28-Mar-2024,0.0,XX,N,773.55,781.15,761.4,763.6,763.2,776.8,763.6,45016500,34640424075.0,84307500,2238000.0,1500,12-Mar-2024,759.7,2024-03-11T18:30:00.000Z
65f1a9306c828717feaef24d,FUTSTK,SBIN,28-Mar-2024,0.0,XX,N,762.8,767.0,746.75,750.45,750.2,763.6,750.45,49681500,37562970525.0,84955500,648000.0,1500,13-Mar-2024,747.25,2024-03-12T18:30:00.000Z
65f2f23a6c828717fec335ab,FUTSTK,SBIN,28-Mar-2024,0.0,XX,N,751.0,754.25,737.85,745.3,745.4,750.45,745.3,39268500,29344567350.0,86560500,1605000.0,1500,14-Mar-2024,741.05,2024-03-13T18:30:00.000Z
65f442cb6c828717fed9523a,FUTSTK,SBIN,28-Mar-2024,0.0,XX,N,742.55,749.95,726.1,734.45,734.5,745.3,734.45,48016500,35330354775.0,88852500,2292000.0,1500,15-Mar-2024,731.9,2024-03-14T18:30:00.000Z
65f84044551ea8574a5bd9a9,FUTSTK,SBIN,28-Mar-2024,0.0,XX,N,733.5,740.55,725.1,733.95,735.3,734.45,733.95,36783000,26959743225.0,90331500,1479000.0,1500,18-Mar-2024,730.95,2024-03-17T18:30:00.000Z
65f9894e551ea8574a6fc3f3,FUTSTK,SBIN,28-Mar-2024,0.0,XX,N,733.15,737.2,724.0,726.3,724.9,733.95,726.3,28134000,20541841650.0,88567500,-1764000.0,1500,19-Mar-2024,723.8,2024-03-18T18:30:00.000Z
65fadff5551ea8574a8433b8,FUTSTK,SBIN,28-Mar-2024,0.0,XX,N,727.55,739.65,721.8,737.75,738.0,726.3,737.75,45232500,33126452400.0,84630000,-3937500.0,1500,20-Mar-2024,736.25,2024-03-19T18:30:00.000Z
65fc313a551ea8574a993a32,FUTSTK,SBIN,28-Mar-2024,0.0,XX,N,742.5,751.0,741.0,745.85,745.0,737.75,745.85,31716000,23678963925.0,79852500,-4777500.0,1500,21-Mar-2024,744.3,2024-03-20T18:30:00.000Z
65fd86b3551ea8574aaea87d,FUTSTK,SBIN,28-Mar-2024,0.0,XX,N,743.0,750.5,742.05,748.15,747.6,745.85,748.15,37297500,27872254200.0,63583500,-16269000.0,1500,22-Mar-2024,746.7,2024-03-21T18:30:00.000Z
6602d030551ea8574af3e427,FUTSTK,SBIN,28-Mar-2024,0.0,XX,N,747.15,748.25,740.5,742.3,743.2,748.15,742.3,38536500,28631740500.0,42610500,-20973000.0,1500,26-Mar-2024,746.7,2024-03-25T18:30:00.000Z
660421a9551ea8574a094a74,FUTSTK,SBIN,28-Mar-2024,0.0,XX,N,746.25,749.75,731.5,734.8,736.9,742.3,734.8,37480500,27730427325.0,23892000,-18718500.0,1500,27-Mar-2024,733.3,2024-03-26T18:30:00.000Z
66057330551ea8574a215c26,FUTSTK,SBIN,28-Mar-2024,0.0,XX,N,737.95,758.2,737.35,752.1,755.95,734.8,752.35,36033000,26990632800.0,4747500,-19144500.0,1500,28-Mar-2024,752.35,2024-03-27T18:30:00.000Z
660aba1e551ea8574a93230d,FUTSTK,SBIN,25-Apr-2024,0.0,XX,N,757.6,765.7,755.55,761.7,761.5,756.55,761.7,28585500,21741080550.0,89092500,607500.0,1500,01-Apr-2024,758.3,2024-03-31T18:30:00.000Z
660c072c551ea8574ab0f182,FUTSTK,SBIN,25-Apr-2024,0.0,XX,N,760.35,774.4,758.2,772.3,771.6,761.7,772.3,36673500,28112450100.0,89692500,600000.0,1500,02-Apr-2024,766.4,2024-04-01T18:30:00.000Z
660d689b551ea8574ad2a079,FUTSTK,SBIN,25-Apr-2024,0.0,XX,N,771.0,775.0,764.8,773.9,774.1,772.3,773.9,38844000,29934262800.0,86340000,-3352500.0,1500,03-Apr-2024,771.05,2024-04-02T18:30:00.000Z
660eae26551ea8574af10c1c,FUTSTK,SBIN,25-Apr-2024,0.0,XX,N,776.15,776.65,761.4,763.35,764.45,773.9,763.35,36258000,27812193825.0,90156000,3816000.0,1500,04-Apr-2024,759.3,2024-04-03T18:30:00.000Z
661001ff551ea8574a0ee0a4,FUTSTK,SBIN,25-Apr-2024,0.0,XX,N,761.4,768.7,756.55,767.75,767.9,763.35,767.75,31974000,24440797275.0,93924000,3768000.0,1500,05-Apr-2024,764.75,2024-04-04T18:30:00.000Z
6613f55c551ea8574a60fbf0,FUTSTK,SBIN,25-Apr-2024,0.0,XX,N,768.95,772.25,765.2,771.15,771.3,767.75,771.15,24013500,18473679900.0,91677000,-2247000.0,1500,08-Apr-2024,768.3,2024-04-07T18:30:00.000Z
66153c86551ea8574a7d0bf1,FUTSTK,SBIN,25-Apr-2024,0.0,XX,N,771.1,775.7,763.7,766.8,767.15,771.15,766.8,27889500,21466653075.0,89554500,-2122500.0,1500,09-Apr-2024,764.2,2024-04-08T18:30:00.000Z
661698ce551ea8574a9d7efa,FUTSTK,SBIN,25-Apr-2024,0.0,XX,N,767.9,783.0,766.1,780.75,779.95,766.8,780.75,47170500,36595489500.0,88305000,-1249500.0,1500,10-Apr-2024,779.05,2024-04-09T18:30:00.000Z
66192ccc551ea8574ad693de,FUTSTK,SBIN,25-Apr-2024,0.0,XX,N,778.25,782.15,767.6,768.95,769.5,780.75,768.95,29557500,22898489700.0,89175000,870000.0,1500,12-Apr-2024,779.05,2024-04-11T18:30:00.000Z
661d27e6551ea8574a2d173b,FUTSTK,SBIN,25-Apr-2024,0.0,XX,N,757.35,765.75,751.65,758.25,758.8,768.95,758.25,36163500,27451682250.0,91827000,2652000.0,1500,15-Apr-2024,751.7,2024-04-14T18:30:00.000Z
661e7a8a551ea8574a4d36d8,FUTSTK,SBIN,25-Apr-2024,0.0,XX,N,753.15,756.8,745.7,752.05,752.4,758.25,752.05,30996000,23289912750.0,91878000,51000.0,1500,16-Apr-2024,751.7,2024-04-15T18:30:00.000Z
